0.19536162800000095 0.000000000
0.3933654945073366 0.000000000
0.588727122368 0.000000000
0.39336566828365643 0.000000000
0.588727122368 0.000000000
0.588727122368 0.000000000
0.19536162800000173 0.000000000
0.588727122368 0.000000000
0.195361628 0.000000000
0.19536203636007735 0.000000000
0.3933654943680003 0.000000000
0.195361628 0.000000000
0.588727122368 0.000000000
0.5887271223680006 0.000000000
0.5144897037280005 0.000000000
0.588727122368 0.000000000
0.195361628 0.000000000
0.393365494368 0.000000000
0.393365494368 0.000000000
0.195361628 0.000000000
