0.0 0.000451970
0.0 0.000284499
0.0 0.002211824
0.0 0.001353247
0.0 0.001526230
0.0 0.001640014
0.0 0.001795015
0.0 0.001021189
0.0 0.000408381
0.0 0.000340106
0.0 0.002915177
0.0 0.000506469
0.0 0.000963513
0.0 0.003169374
0.0 0.000852323
0.0 0.000994700
0.0 0.000188419
0.0 0.000461433
0.0 0.000059532
0.0 0.000462829
0.0 0.000283170
0.0 0.000319367
0.0 0.000343177
0.0 0.000375611
0.0 0.000213686
0.0 0.000085455
0.0 0.000071168
0.0 0.000610008
0.0 0.000105980
0.0 0.000201617
0.0 0.000663199
0.0 0.000178350
0.0 0.000208143
0.0 0.000039427
0.0 0.000096556
0.0 0.000291334
0.0 0.000178245
0.0 0.000201030
0.0 0.000216017
0.0 0.000236434
0.0 0.000134508
0.0 0.000053791
0.0 0.000044798
0.0 0.000383978
0.0 0.000066710
0.0 0.000126911
0.0 0.000417460
0.0 0.000112265
0.0 0.000131019
0.0 0.000024818
0.0 0.000060778
0.0 0.001385761
0.0 0.001562900
0.0 0.001679418
0.0 0.001838144
0.0 0.001045725
0.0 0.000418193
0.0 0.000348278
0.0 0.002985220
0.0 0.000518638
0.0 0.000986664
0.0 0.003245524
0.0 0.000872801
0.0 0.001018599
0.0 0.000192947
0.0 0.000472520
0.0 0.000956220
0.0 0.001027508
0.0 0.001124621
0.0 0.000639800
0.0 0.000255861
0.0 0.000213085
0.0 0.001826429
0.0 0.000317315
0.0 0.000603665
0.0 0.001985690
0.0 0.000534001
0.0 0.000623203
0.0 0.000118049
0.0 0.000289099
0.0 0.001158853
0.0 0.001268379
0.0 0.000721584
0.0 0.000288567
0.0 0.000240323
0.0 0.002059898
0.0 0.000357877
0.0 0.000680830
0.0 0.002239516
0.0 0.000602261
0.0 0.000702866
0.0 0.000133139
0.0 0.000326054
0.0 0.001362939
0.0 0.000775380
0.0 0.000310080
0.0 0.000258239
0.0 0.002213468
0.0 0.000384558
0.0 0.000731587
0.0 0.002406477
0.0 0.000647161
0.0 0.000755266
0.0 0.000143065
0.0 0.000350362
0.0 0.000848663
0.0 0.000339386
0.0 0.000282646
0.0 0.002422669
0.0 0.000420903
0.0 0.000800731
0.0 0.002633920
0.0 0.000708326
0.0 0.000826649
0.0 0.000156587
0.0 0.000383476
0.0 0.000193078
0.0 0.000160798
0.0 0.001378262
0.0 0.000239453
0.0 0.000455538
0.0 0.001498443
0.0 0.000402968
0.0 0.000470282
0.0 0.000089083
0.0 0.000218160
0.0 0.000064304
0.0 0.000551177
0.0 0.000095759
0.0 0.000182173
0.0 0.000599239
0.0 0.000161150
0.0 0.000188069
0.0 0.000035625
0.0 0.000087244
0.0 0.000459029
0.0 0.000079750
0.0 0.000151717
0.0 0.000499055
0.0 0.000134208
0.0 0.000156627
0.0 0.000029669
0.0 0.000072658
0.0 0.000683564
0.0 0.001300420
0.0 0.004277592
0.0 0.001150350
0.0 0.001342511
0.0 0.000254303
0.0 0.000622780
0.0 0.000225929
0.0 0.000743169
0.0 0.000199856
0.0 0.000233241
0.0 0.000044181
0.0 0.000108199
0.0 0.001413813
0.0 0.000380209
0.0 0.000443722
0.0 0.000084051
0.0 0.000205839
0.0 0.001250657
0.0 0.001459574
0.0 0.000276478
0.0 0.000677085
0.0 0.000392515
0.0 0.000074352
0.0 0.000182085
0.0 0.000086772
0.0 0.000212501
0.0 0.000040253
0.0 0.000023636
0.0 0.000183758
0.0 0.000112427
0.0 0.000126799
0.0 0.000136252
0.0 0.000149129
0.0 0.000084840
0.0 0.000033928
0.0 0.000028256
0.0 0.000242192
0.0 0.000042077
0.0 0.000080048
0.0 0.000263311
0.0 0.000070811
0.0 0.000082639
0.0 0.000015654
0.0 0.000038336
0.0 0.000115669
0.0 0.000070769
0.0 0.000079815
0.0 0.000085766
0.0 0.000093872
0.0 0.000053404
0.0 0.000021357
0.0 0.000017786
0.0 0.000152451
0.0 0.000026486
0.0 0.000050388
0.0 0.000165745
0.0 0.000044573
0.0 0.000052019
0.0 0.000009854
0.0 0.000024131
0.0 0.000550191
0.0 0.000620521
0.0 0.000666782
0.0 0.000729801
0.0 0.000415186
0.0 0.000166036
0.0 0.000138277
0.0 0.001185226
0.0 0.000205916
0.0 0.000391737
0.0 0.001288575
0.0 0.000346530
0.0 0.000404416
0.0 0.000076606
0.0 0.000187605
0.0 0.000379649
0.0 0.000407953
0.0 0.000446510
0.0 0.000254021
0.0 0.000101585
0.0 0.000084601
0.0 0.000725150
0.0 0.000125984
0.0 0.000239674
0.0 0.000788381
0.0 0.000212015
0.0 0.000247431
0.0 0.000046869
0.0 0.000114781
0.0 0.000460101
0.0 0.000503586
0.0 0.000286491
0.0 0.000114570
0.0 0.000095416
0.0 0.000817844
0.0 0.000142088
0.0 0.000270311
0.0 0.000889158
0.0 0.000239117
0.0 0.000279060
0.0 0.000052861
0.0 0.000129454
0.0 0.000541130
0.0 0.000307850
0.0 0.000123112
0.0 0.000102529
0.0 0.000878817
0.0 0.000152681
0.0 0.000290463
0.0 0.000955447
0.0 0.000256943
0.0 0.000299865
0.0 0.000056801
0.0 0.000139105
0.0 0.000336946
0.0 0.000134747
0.0 0.000112220
0.0 0.000961876
0.0 0.000167112
0.0 0.000317916
0.0 0.001045749
0.0 0.000281228
0.0 0.000328206
0.0 0.000062170
0.0 0.000152252
0.0 0.000076658
0.0 0.000063842
0.0 0.000547214
0.0 0.000095070
0.0 0.000180863
0.0 0.000594929
0.0 0.000159991
0.0 0.000186717
0.0 0.000035369
0.0 0.000086616
0.0 0.000025531
0.0 0.000218835
0.0 0.000038019
0.0 0.000072328
0.0 0.000237917
0.0 0.000063982
0.0 0.000074669
0.0 0.000014144
0.0 0.000034639
0.0 0.000182249
0.0 0.000031663
0.0 0.000060236
0.0 0.000198141
0.0 0.000053285
0.0 0.000062186
0.0 0.000011779
0.0 0.000028848
0.0 0.000271396
0.0 0.000516308
0.0 0.001698339
0.0 0.000456725
0.0 0.000533019
0.0 0.000100966
0.0 0.000247263
0.0 0.000089701
0.0 0.000295061
0.0 0.000079349
0.0 0.000092604
0.0 0.000017541
0.0 0.000042958
0.0 0.000561328
0.0 0.000150955
0.0 0.000176171
0.0 0.000033371
0.0 0.000081725
0.0 0.000496550
0.0 0.000579497
0.0 0.000109770
0.0 0.000268824
0.0 0.000155841
0.0 0.000029520
0.0 0.000072293
0.0 0.000034451
0.0 0.000084370
0.0 0.000015982
0.0 0.000024204
0.0 0.000014809
0.0 0.000016702
0.0 0.000017947
0.0 0.000019643
0.0 0.000011175
0.0 0.000004469
0.0 0.000003722
0.0 0.000031901
0.0 0.000005542
0.0 0.000010544
0.0 0.000034682
0.0 0.000009327
0.0 0.000010885
0.0 0.000002062
0.0 0.000005049
0.0 0.000115129
0.0 0.000129845
0.0 0.000139526
0.0 0.000152713
0.0 0.000086879
0.0 0.000034743
0.0 0.000028935
0.0 0.000248011
0.0 0.000043088
0.0 0.000081972
0.0 0.000269637
0.0 0.000072512
0.0 0.000084625
0.0 0.000016030
0.0 0.000039257
0.0 0.000079443
0.0 0.000085365
0.0 0.000093433
0.0 0.000053154
0.0 0.000021257
0.0 0.000017703
0.0 0.000151739
0.0 0.000026362
0.0 0.000050152
0.0 0.000164971
0.0 0.000044365
0.0 0.000051776
0.0 0.000009808
0.0 0.000024018
0.0 0.000096277
0.0 0.000105377
0.0 0.000059949
0.0 0.000023974
0.0 0.000019966
0.0 0.000171136
0.0 0.000029732
0.0 0.000056563
0.0 0.000186058
0.0 0.000050036
0.0 0.000058394
0.0 0.000011061
0.0 0.000027088
0.0 0.000113233
0.0 0.000064418
0.0 0.000025761
0.0 0.000021454
0.0 0.000183894
0.0 0.000031949
0.0 0.000060780
0.0 0.000199930
0.0 0.000053766
0.0 0.000062747
0.0 0.000011886
0.0 0.000029108
0.0 0.000070507
0.0 0.000028196
0.0 0.000023482
0.0 0.000201275
0.0 0.000034969
0.0 0.000066525
0.0 0.000218825
0.0 0.000058848
0.0 0.000068678
0.0 0.000013009
0.0 0.000031859
0.0 0.000016041
0.0 0.000013359
0.0 0.000114506
0.0 0.000019894
0.0 0.000037846
0.0 0.000124490
0.0 0.000033479
0.0 0.000039071
0.0 0.000007401
0.0 0.000018125
0.0 0.000005342
0.0 0.000045792
0.0 0.000007956
0.0 0.000015135
0.0 0.000049785
0.0 0.000013388
0.0 0.000015625
0.0 0.000002960
0.0 0.000007248
0.0 0.000038136
0.0 0.000006626
0.0 0.000012605
0.0 0.000041461
0.0 0.000011150
0.0 0.000013013
0.0 0.000002465
0.0 0.000006036
0.0 0.000056790
0.0 0.000108039
0.0 0.000355381
0.0 0.000095571
0.0 0.000111535
0.0 0.000021127
0.0 0.000051740
0.0 0.000018770
0.0 0.000061742
0.0 0.000016604
0.0 0.000019378
0.0 0.000003671
0.0 0.000008989
0.0 0.000117459
0.0 0.000031588
0.0 0.000036864
0.0 0.000006983
0.0 0.000017101
0.0 0.000103904
0.0 0.000121261
0.0 0.000022970
0.0 0.000056252
0.0 0.000032610
0.0 0.000006177
0.0 0.000015128
0.0 0.000007209
0.0 0.000017655
0.0 0.000003344
0.0 0.000072469
0.0 0.000081733
0.0 0.000087826
0.0 0.000096127
0.0 0.000054687
0.0 0.000021870
0.0 0.000018213
0.0 0.000156114
0.0 0.000027123
0.0 0.000051598
0.0 0.000169727
0.0 0.000045644
0.0 0.000053268
0.0 0.000010090
0.0 0.000024711
0.0 0.000050006
0.0 0.000053734
0.0 0.000058813
0.0 0.000033459
0.0 0.000013380
0.0 0.000011143
0.0 0.000095514
0.0 0.000016594
0.0 0.000031569
0.0 0.000103843
0.0 0.000027926
0.0 0.000032591
0.0 0.000006173
0.0 0.000015119
0.0 0.000060603
0.0 0.000066331
0.0 0.000037736
0.0 0.000015091
0.0 0.000012568
0.0 0.000107724
0.0 0.000018715
0.0 0.000035604
0.0 0.000117117
0.0 0.000031496
0.0 0.000036757
0.0 0.000006963
0.0 0.000017051
0.0 0.000071276
0.0 0.000040549
0.0 0.000016216
0.0 0.000013505
0.0 0.000115755
0.0 0.000020111
0.0 0.000038259
0.0 0.000125848
0.0 0.000033844
0.0 0.000039497
0.0 0.000007482
0.0 0.000018322
0.0 0.000044381
0.0 0.000017748
0.0 0.000014781
0.0 0.000126695
0.0 0.000022011
0.0 0.000041875
0.0 0.000137743
0.0 0.000037042
0.0 0.000043230
0.0 0.000008189
0.0 0.000020054
0.0 0.000010097
0.0 0.000008409
0.0 0.000072077
0.0 0.000012522
0.0 0.000023823
0.0 0.000078362
0.0 0.000021074
0.0 0.000024594
0.0 0.000004659
0.0 0.000011409
0.0 0.000003363
0.0 0.000028824
0.0 0.000005008
0.0 0.000009527
0.0 0.000031338
0.0 0.000008427
0.0 0.000009835
0.0 0.000001863
0.0 0.000004562
0.0 0.000024005
0.0 0.000004171
0.0 0.000007934
0.0 0.000026098
0.0 0.000007019
0.0 0.000008191
0.0 0.000001552
0.0 0.000003800
0.0 0.000035747
0.0 0.000068006
0.0 0.000223700
0.0 0.000060158
0.0 0.000070208
0.0 0.000013299
0.0 0.000032569
0.0 0.000011815
0.0 0.000038865
0.0 0.000010452
0.0 0.000012198
0.0 0.000002310
0.0 0.000005658
0.0 0.000073936
0.0 0.000019883
0.0 0.000023205
0.0 0.000004396
0.0 0.000010764
0.0 0.000065404
0.0 0.000076329
0.0 0.000014459
0.0 0.000035409
0.0 0.000020527
0.0 0.000003888
0.0 0.000009522
0.0 0.000004538
0.0 0.000011113
0.0 0.000002105
0.0 0.000388771
0.0 0.000417755
0.0 0.000457238
0.0 0.000260124
0.0 0.000104025
0.0 0.000086634
0.0 0.000742573
0.0 0.000129011
0.0 0.000245432
0.0 0.000807324
0.0 0.000217109
0.0 0.000253376
0.0 0.000047995
0.0 0.000117539
0.0 0.000471156
0.0 0.000515686
0.0 0.000293375
0.0 0.000117323
0.0 0.000097708
0.0 0.000837495
0.0 0.000145502
0.0 0.000276806
0.0 0.000910522
0.0 0.000244862
0.0 0.000285765
0.0 0.000054131
0.0 0.000132564
0.0 0.000554131
0.0 0.000315247
0.0 0.000126070
0.0 0.000104993
0.0 0.000899932
0.0 0.000156350
0.0 0.000297442
0.0 0.000978404
0.0 0.000263117
0.0 0.000307069
0.0 0.000058166
0.0 0.000142447
0.0 0.000345042
0.0 0.000137985
0.0 0.000114916
0.0 0.000984987
0.0 0.000171127
0.0 0.000325554
0.0 0.001070875
0.0 0.000287985
0.0 0.000336091
0.0 0.000063664
0.0 0.000155910
0.0 0.000078500
0.0 0.000065376
0.0 0.000560361
0.0 0.000097355
0.0 0.000185209
0.0 0.000609224
0.0 0.000163835
0.0 0.000191203
0.0 0.000036218
0.0 0.000088698
0.0 0.000026144
0.0 0.000224093
0.0 0.000038933
0.0 0.000074066
0.0 0.000243633
0.0 0.000065519
0.0 0.000076464
0.0 0.000014484
0.0 0.000035471
0.0 0.000186628
0.0 0.000032424
0.0 0.000061684
0.0 0.000202901
0.0 0.000054565
0.0 0.000063680
0.0 0.000012062
0.0 0.000029541
0.0 0.000277917
0.0 0.000528713
0.0 0.001739144
0.0 0.000467699
0.0 0.000545826
0.0 0.000103392
0.0 0.000253204
0.0 0.000091856
0.0 0.000302151
0.0 0.000081256
0.0 0.000094829
0.0 0.000017963
0.0 0.000043991
0.0 0.000574815
0.0 0.000154582
0.0 0.000180404
0.0 0.000034173
0.0 0.000083688
0.0 0.000508481
0.0 0.000593421
0.0 0.000112408
0.0 0.000275283
0.0 0.000159585
0.0 0.000030229
0.0 0.000074030
0.0 0.000035279
0.0 0.000086397
0.0 0.000016366
0.0 0.000288264
0.0 0.000315509
0.0 0.000179494
0.0 0.000071781
0.0 0.000059780
0.0 0.000512399
0.0 0.000089022
0.0 0.000169356
0.0 0.000557079
0.0 0.000149812
0.0 0.000174838
0.0 0.000033118
0.0 0.000081106
0.0 0.000339031
0.0 0.000192876
0.0 0.000077132
0.0 0.000064237
0.0 0.000550600
0.0 0.000095659
0.0 0.000181982
0.0 0.000598611
0.0 0.000160981
0.0 0.000187872
0.0 0.000035587
0.0 0.000087153
0.0 0.000211105
0.0 0.000084422
0.0 0.000070308
0.0 0.000602639
0.0 0.000104700
0.0 0.000199182
0.0 0.000655187
0.0 0.000176196
0.0 0.000205629
0.0 0.000038951
0.0 0.000095390
0.0 0.000048028
0.0 0.000039999
0.0 0.000342843
0.0 0.000059564
0.0 0.000113315
0.0 0.000372738
0.0 0.000100238
0.0 0.000116983
0.0 0.000022159
0.0 0.000054267
0.0 0.000015996
0.0 0.000137105
0.0 0.000023820
0.0 0.000045316
0.0 0.000149061
0.0 0.000040086
0.0 0.000046782
0.0 0.000008862
0.0 0.000021702
0.0 0.000114183
0.0 0.000019838
0.0 0.000037739
0.0 0.000124140
0.0 0.000033384
0.0 0.000038961
0.0 0.000007380
0.0 0.000018074
0.0 0.000170036
0.0 0.000323479
0.0 0.001064050
0.0 0.000286149
0.0 0.000333949
0.0 0.000063258
0.0 0.000154916
0.0 0.000056200
0.0 0.000184863
0.0 0.000049714
0.0 0.000058019
0.0 0.000010990
0.0 0.000026914
0.0 0.000351686
0.0 0.000094577
0.0 0.000110376
0.0 0.000020908
0.0 0.000051202
0.0 0.000311101
0.0 0.000363069
0.0 0.000068774
0.0 0.000168425
0.0 0.000097638
0.0 0.000018495
0.0 0.000045294
0.0 0.000021584
0.0 0.000052860
0.0 0.000010013
0.0 0.000382369
0.0 0.000217530
0.0 0.000086992
0.0 0.000072448
0.0 0.000620982
0.0 0.000107886
0.0 0.000205245
0.0 0.000675130
0.0 0.000181559
0.0 0.000211888
0.0 0.000040137
0.0 0.000098293
0.0 0.000238090
0.0 0.000095214
0.0 0.000079296
0.0 0.000679672
0.0 0.000118083
0.0 0.000224643
0.0 0.000738938
0.0 0.000198719
0.0 0.000231914
0.0 0.000043930
0.0 0.000107583
0.0 0.000054167
0.0 0.000045111
0.0 0.000386667
0.0 0.000067178
0.0 0.000127800
0.0 0.000420384
0.0 0.000113052
0.0 0.000131936
0.0 0.000024992
0.0 0.000061204
0.0 0.000018040
0.0 0.000154631
0.0 0.000026865
0.0 0.000051108
0.0 0.000168115
0.0 0.000045210
0.0 0.000052762
0.0 0.000009994
0.0 0.000024476
0.0 0.000128779
0.0 0.000022374
0.0 0.000042564
0.0 0.000140008
0.0 0.000037652
0.0 0.000043941
0.0 0.000008324
0.0 0.000020384
0.0 0.000191772
0.0 0.000364829
0.0 0.001200066
0.0 0.000322727
0.0 0.000376637
0.0 0.000071344
0.0 0.000174719
0.0 0.000063384
0.0 0.000208494
0.0 0.000056069
0.0 0.000065435
0.0 0.000012395
0.0 0.000030355
0.0 0.000396641
0.0 0.000106667
0.0 0.000124485
0.0 0.000023580
0.0 0.000057747
0.0 0.000350868
0.0 0.000409479
0.0 0.000077565
0.0 0.000189954
0.0 0.000110119
0.0 0.000020859
0.0 0.000051083
0.0 0.000024344
0.0 0.000059617
0.0 0.000011293
0.0 0.000255840
0.0 0.000102312
0.0 0.000085207
0.0 0.000730344
0.0 0.000126886
0.0 0.000241390
0.0 0.000794028
0.0 0.000213534
0.0 0.000249204
0.0 0.000047205
0.0 0.000115604
0.0 0.000058206
0.0 0.000048475
0.0 0.000415494
0.0 0.000072186
0.0 0.000137328
0.0 0.000451724
0.0 0.000121480
0.0 0.000141773
0.0 0.000026855
0.0 0.000065767
0.0 0.000019385
0.0 0.000166159
0.0 0.000028868
0.0 0.000054918
0.0 0.000180648
0.0 0.000048581
0.0 0.000056696
0.0 0.000010740
0.0 0.000026301
0.0 0.000138380
0.0 0.000024041
0.0 0.000045737
0.0 0.000150446
0.0 0.000040459
0.0 0.000047217
0.0 0.000008944
0.0 0.000021904
0.0 0.000206069
0.0 0.000392028
0.0 0.001289533
0.0 0.000346787
0.0 0.000404717
0.0 0.000076663
0.0 0.000187745
0.0 0.000068109
0.0 0.000224037
0.0 0.000060249
0.0 0.000070314
0.0 0.000013319
0.0 0.000032618
0.0 0.000426212
0.0 0.000114619
0.0 0.000133765
0.0 0.000025338
0.0 0.000062053
0.0 0.000377026
0.0 0.000440007
0.0 0.000083348
0.0 0.000204116
0.0 0.000118329
0.0 0.000022414
0.0 0.000054892
0.0 0.000026158
0.0 0.000064061
0.0 0.000012135
0.0 0.000063707
0.0 0.000053056
0.0 0.000454764
0.0 0.000079009
0.0 0.000150307
0.0 0.000494418
0.0 0.000132961
0.0 0.000155172
0.0 0.000029393
0.0 0.000071983
0.0 0.000021218
0.0 0.000181863
0.0 0.000031596
0.0 0.000060109
0.0 0.000197721
0.0 0.000053172
0.0 0.000062054
0.0 0.000011755
0.0 0.000028787
0.0 0.000151459
0.0 0.000026314
0.0 0.000050060
0.0 0.000164666
0.0 0.000044283
0.0 0.000051680
0.0 0.000009789
0.0 0.000023974
0.0 0.000225545
0.0 0.000429079
0.0 0.001411410
0.0 0.000379563
0.0 0.000442967
0.0 0.000083908
0.0 0.000205489
0.0 0.000074546
0.0 0.000245212
0.0 0.000065943
0.0 0.000076959
0.0 0.000014578
0.0 0.000035701
0.0 0.000466494
0.0 0.000125452
0.0 0.000146408
0.0 0.000027733
0.0 0.000067917
0.0 0.000412660
0.0 0.000481593
0.0 0.000091225
0.0 0.000223407
0.0 0.000129512
0.0 0.000024533
0.0 0.000060080
0.0 0.000028631
0.0 0.000070116
0.0 0.000013282
0.0 0.000012071
0.0 0.000103463
0.0 0.000017975
0.0 0.000034196
0.0 0.000112484
0.0 0.000030250
0.0 0.000035303
0.0 0.000006687
0.0 0.000016377
0.0 0.000086165
0.0 0.000014970
0.0 0.000028479
0.0 0.000093679
0.0 0.000025192
0.0 0.000029401
0.0 0.000005569
0.0 0.000013639
0.0 0.000128313
0.0 0.000244104
0.0 0.000802955
0.0 0.000215934
0.0 0.000252005
0.0 0.000047736
0.0 0.000116903
0.0 0.000042410
0.0 0.000139502
0.0 0.000037515
0.0 0.000043782
0.0 0.000008293
0.0 0.000020310
0.0 0.000265390
0.0 0.000071370
0.0 0.000083292
0.0 0.000015777
0.0 0.000038638
0.0 0.000234763
0.0 0.000273980
0.0 0.000051898
0.0 0.000127097
0.0 0.000073680
0.0 0.000013957
0.0 0.000034179
0.0 0.000016288
0.0 0.000039889
0.0 0.000007556
0.0 0.000034458
0.0 0.000005987
0.0 0.000011389
0.0 0.000037463
0.0 0.000010075
0.0 0.000011758
0.0 0.000002227
0.0 0.000005454
0.0 0.000051313
0.0 0.000097619
0.0 0.000321108
0.0 0.000086354
0.0 0.000100779
0.0 0.000019090
0.0 0.000046750
0.0 0.000016960
0.0 0.000055788
0.0 0.000015003
0.0 0.000017509
0.0 0.000003317
0.0 0.000008122
0.0 0.000106131
0.0 0.000028541
0.0 0.000033309
0.0 0.000006310
0.0 0.000015452
0.0 0.000093884
0.0 0.000109566
0.0 0.000020754
0.0 0.000050827
0.0 0.000029465
0.0 0.000005581
0.0 0.000013669
0.0 0.000006514
0.0 0.000015952
0.0 0.000003022
0.0 0.000042735
0.0 0.000081299
0.0 0.000267423
0.0 0.000071917
0.0 0.000083930
0.0 0.000015898
0.0 0.000038935
0.0 0.000014124
0.0 0.000046461
0.0 0.000012494
0.0 0.000014582
0.0 0.000002762
0.0 0.000006764
0.0 0.000088388
0.0 0.000023770
0.0 0.000027740
0.0 0.000005255
0.0 0.000012868
0.0 0.000078188
0.0 0.000091249
0.0 0.000017285
0.0 0.000042330
0.0 0.000024539
0.0 0.000004648
0.0 0.000011383
0.0 0.000005425
0.0 0.000013285
0.0 0.000002516
0.0 0.000121066
0.0 0.000398234
0.0 0.000107095
0.0 0.000124985
0.0 0.000023675
0.0 0.000057979
0.0 0.000757605
0.0 0.000203739
0.0 0.000237772
0.0 0.000045040
0.0 0.000110301
0.0 0.000670176
0.0 0.000782127
0.0 0.000148153
0.0 0.000362822
0.0 0.000210333
0.0 0.000039842
0.0 0.000097572
0.0 0.000046497
0.0 0.000113871
0.0 0.000021570
0.0 0.000131623
0.0 0.000035397
0.0 0.000041309
0.0 0.000007825
0.0 0.000019163
0.0 0.000116433
0.0 0.000135883
0.0 0.000025739
0.0 0.000063035
0.0 0.000036542
0.0 0.000006922
0.0 0.000016952
0.0 0.000008078
0.0 0.000019783
0.0 0.000003747
0.0 0.000221504
0.0 0.000258505
0.0 0.000048967
0.0 0.000119919
0.0 0.000069518
0.0 0.000013168
0.0 0.000032249
0.0 0.000015368
0.0 0.000037636
0.0 0.000007129
0.0 0.000228674
0.0 0.000043316
0.0 0.000106080
0.0 0.000050552
0.0 0.000123800
0.0 0.000023451
0.0 0.000013595
0.0 0.000033293
0.0 0.000006306
0.0 0.000007360
