0.0 0.000016781
0.0 0.000130466
0.0 0.000079822
0.0 0.000090025
0.0 0.000096737
0.0 0.000105880
0.0 0.000060235
0.0 0.000024089
0.0 0.000020061
0.0 0.000171953
0.0 0.000029874
0.0 0.000056833
0.0 0.000186947
0.0 0.000050275
0.0 0.000058673
0.0 0.000011114
0.0 0.000027218
0.0 0.000082123
0.0 0.000050245
0.0 0.000056668
0.0 0.000060892
0.0 0.000066648
0.0 0.000037916
0.0 0.000015163
0.0 0.000012628
0.0 0.000108238
0.0 0.000018805
0.0 0.000035775
0.0 0.000117676
0.0 0.000031646
0.0 0.000036932
0.0 0.000006996
0.0 0.000017133
0.0 0.000390628
0.0 0.000440561
0.0 0.000473406
0.0 0.000518149
0.0 0.000294776
0.0 0.000117883
0.0 0.000098175
0.0 0.000841495
0.0 0.000146197
0.0 0.000278128
0.0 0.000914871
0.0 0.000246031
0.0 0.000287130
0.0 0.000054389
0.0 0.000133197
0.0 0.000269546
0.0 0.000289641
0.0 0.000317016
0.0 0.000180351
0.0 0.000072124
0.0 0.000060066
0.0 0.000514847
0.0 0.000089447
0.0 0.000170165
0.0 0.000559740
0.0 0.000150528
0.0 0.000175673
0.0 0.000033277
0.0 0.000081493
0.0 0.000326665
0.0 0.000357539
0.0 0.000203405
0.0 0.000081343
0.0 0.000067744
0.0 0.000580658
0.0 0.000100881
0.0 0.000191917
0.0 0.000631290
0.0 0.000169770
0.0 0.000198129
0.0 0.000037530
0.0 0.000091910
0.0 0.000384195
0.0 0.000218569
0.0 0.000087408
0.0 0.000072794
0.0 0.000623948
0.0 0.000108402
0.0 0.000206225
0.0 0.000678355
0.0 0.000182426
0.0 0.000212900
0.0 0.000040328
0.0 0.000098762
0.0 0.000239227
0.0 0.000095669
0.0 0.000079674
0.0 0.000682919
0.0 0.000118647
0.0 0.000225716
0.0 0.000742468
0.0 0.000199668
0.0 0.000233021
0.0 0.000044140
0.0 0.000108097
0.0 0.000054426
0.0 0.000045327
0.0 0.000388514
0.0 0.000067499
0.0 0.000128410
0.0 0.000422392
0.0 0.000113592
0.0 0.000132566
0.0 0.000025111
0.0 0.000061497
0.0 0.000018127
0.0 0.000155370
0.0 0.000026993
0.0 0.000051352
0.0 0.000168918
0.0 0.000045426
0.0 0.000053014
0.0 0.000010042
0.0 0.000024593
0.0 0.000129394
0.0 0.000022480
0.0 0.000042767
0.0 0.000140677
0.0 0.000037832
0.0 0.000044151
0.0 0.000008363
0.0 0.000020481
0.0 0.000192688
0.0 0.000366571
0.0 0.001205797
0.0 0.000324269
0.0 0.000378436
0.0 0.000071685
0.0 0.000175554
0.0 0.000063686
0.0 0.000209490
0.0 0.000056337
0.0 0.000065748
0.0 0.000012454
0.0 0.000030500
0.0 0.000398535
0.0 0.000107176
0.0 0.000125079
0.0 0.000023693
0.0 0.000058023
0.0 0.000352544
0.0 0.000411435
0.0 0.000077935
0.0 0.000190861
0.0 0.000110645
0.0 0.000020959
0.0 0.000051327
0.0 0.000024460
0.0 0.000059901
0.0 0.000011347
0.0 0.000017184
0.0 0.000010514
0.0 0.000011858
0.0 0.000012742
0.0 0.000013946
0.0 0.000007934
0.0 0.000003173
0.0 0.000002642
0.0 0.000022649
0.0 0.000003935
0.0 0.000007486
0.0 0.000024624
0.0 0.000006622
0.0 0.000007728
0.0 0.000001464
0.0 0.000003585
0.0 0.000081740
0.0 0.000092188
0.0 0.000099061
0.0 0.000108424
0.0 0.000061683
0.0 0.000024667
0.0 0.000020543
0.0 0.000176085
0.0 0.000030592
0.0 0.000058199
0.0 0.000191439
0.0 0.000051483
0.0 0.000060083
0.0 0.000011381
0.0 0.000027872
0.0 0.000056403
0.0 0.000060608
0.0 0.000066336
0.0 0.000037739
0.0 0.000015092
0.0 0.000012569
0.0 0.000107733
0.0 0.000018717
0.0 0.000035607
0.0 0.000117127
0.0 0.000031498
0.0 0.000036760
0.0 0.000006963
0.0 0.000017053
0.0 0.000068355
0.0 0.000074816
0.0 0.000042563
0.0 0.000017021
0.0 0.000014176
0.0 0.000121504
0.0 0.000021110
0.0 0.000040159
0.0 0.000132099
0.0 0.000035525
0.0 0.000041459
0.0 0.000007853
0.0 0.000019232
0.0 0.000080394
0.0 0.000045736
0.0 0.000018290
0.0 0.000015232
0.0 0.000130563
0.0 0.000022683
0.0 0.000043153
0.0 0.000141947
0.0 0.000038173
0.0 0.000044550
0.0 0.000008439
0.0 0.000020666
0.0 0.000050059
0.0 0.000020019
0.0 0.000016672
0.0 0.000142902
0.0 0.000024827
0.0 0.000047232
0.0 0.000155363
0.0 0.000041781
0.0 0.000048760
0.0 0.000009236
0.0 0.000022619
0.0 0.000011389
0.0 0.000009485
0.0 0.000081297
0.0 0.000014124
0.0 0.000026870
0.0 0.000088386
0.0 0.000023769
0.0 0.000027740
0.0 0.000005255
0.0 0.000012868
0.0 0.000003793
0.0 0.000032511
0.0 0.000005648
0.0 0.000010746
0.0 0.000035346
0.0 0.000009506
0.0 0.000011093
0.0 0.000002101
0.0 0.000005146
0.0 0.000027076
0.0 0.000004704
0.0 0.000008949
0.0 0.000029437
0.0 0.000007916
0.0 0.000009239
0.0 0.000001750
0.0 0.000004286
0.0 0.000040320
0.0 0.000076706
0.0 0.000252316
0.0 0.000067854
0.0 0.000079189
0.0 0.000015000
0.0 0.000036735
0.0 0.000013327
0.0 0.000043836
0.0 0.000011789
0.0 0.000013758
0.0 0.000002606
0.0 0.000006382
0.0 0.000083394
0.0 0.000022427
0.0 0.000026173
0.0 0.000004958
0.0 0.000012142
0.0 0.000073771
0.0 0.000086094
0.0 0.000016308
0.0 0.000039938
0.0 0.000023153
0.0 0.000004386
0.0 0.000010740
0.0 0.000005118
0.0 0.000012534
0.0 0.000002374
0.0 0.000051452
0.0 0.000058029
0.0 0.000062355
0.0 0.000068249
0.0 0.000038827
0.0 0.000015527
0.0 0.000012931
0.0 0.000110839
0.0 0.000019257
0.0 0.000036634
0.0 0.000120504
0.0 0.000032406
0.0 0.000037820
0.0 0.000007164
0.0 0.000017544
0.0 0.000035504
0.0 0.000038151
0.0 0.000041756
0.0 0.000023755
0.0 0.000009500
0.0 0.000007912
0.0 0.000067814
0.0 0.000011782
0.0 0.000022414
0.0 0.000073727
0.0 0.000019827
0.0 0.000023139
0.0 0.000004383
0.0 0.000010734
0.0 0.000043027
0.0 0.000047094
0.0 0.000026792
0.0 0.000010714
0.0 0.000008923
0.0 0.000076482
0.0 0.000013288
0.0 0.000025279
0.0 0.000083152
0.0 0.000022361
0.0 0.000026097
0.0 0.000004943
0.0 0.000012106
0.0 0.000050605
0.0 0.000028789
0.0 0.000011513
0.0 0.000009588
0.0 0.000082184
0.0 0.000014278
0.0 0.000027163
0.0 0.000089351
0.0 0.000024029
0.0 0.000028042
0.0 0.000005312
0.0 0.000013009
0.0 0.000031510
0.0 0.000012601
0.0 0.000010494
0.0 0.000089952
0.0 0.000015628
0.0 0.000029731
0.0 0.000097795
0.0 0.000026300
0.0 0.000030693
0.0 0.000005814
0.0 0.000014238
0.0 0.000007169
0.0 0.000005970
0.0 0.000051174
0.0 0.000008891
0.0 0.000016914
0.0 0.000055636
0.0 0.000014962
0.0 0.000017461
0.0 0.000003308
0.0 0.000008100
0.0 0.000002388
0.0 0.000020465
0.0 0.000003555
0.0 0.000006764
0.0 0.000022249
0.0 0.000005983
0.0 0.000006983
0.0 0.000001323
0.0 0.000003239
0.0 0.000017043
0.0 0.000002961
0.0 0.000005633
0.0 0.000018530
0.0 0.000004983
0.0 0.000005815
0.0 0.000001102
0.0 0.000002698
0.0 0.000025380
0.0 0.000048284
0.0 0.000158824
0.0 0.000042712
0.0 0.000049846
0.0 0.000009442
0.0 0.000023123
0.0 0.000008389
0.0 0.000027593
0.0 0.000007421
0.0 0.000008660
0.0 0.000001640
0.0 0.000004017
0.0 0.000052494
0.0 0.000014117
0.0 0.000016475
0.0 0.000003121
0.0 0.000007643
0.0 0.000046436
0.0 0.000054193
0.0 0.000010265
0.0 0.000025140
0.0 0.000014574
0.0 0.000002761
0.0 0.000006761
0.0 0.000003222
0.0 0.000007890
0.0 0.000001495
0.0 0.000276022
0.0 0.000296600
0.0 0.000324633
0.0 0.000184684
0.0 0.000073857
0.0 0.000061509
0.0 0.000527217
0.0 0.000091596
0.0 0.000174254
0.0 0.000573189
0.0 0.000154145
0.0 0.000179894
0.0 0.000034076
0.0 0.000083451
0.0 0.000334514
0.0 0.000366130
0.0 0.000208292
0.0 0.000083298
0.0 0.000069372
0.0 0.000594610
0.0 0.000103305
0.0 0.000196528
0.0 0.000646458
0.0 0.000173849
0.0 0.000202889
0.0 0.000038432
0.0 0.000094119
0.0 0.000393426
0.0 0.000223821
0.0 0.000089508
0.0 0.000074543
0.0 0.000638939
0.0 0.000111006
0.0 0.000211180
0.0 0.000694653
0.0 0.000186809
0.0 0.000218015
0.0 0.000041297
0.0 0.000101135
0.0 0.000244975
0.0 0.000097967
0.0 0.000081589
0.0 0.000699327
0.0 0.000121498
0.0 0.000231139
0.0 0.000760307
0.0 0.000204465
0.0 0.000238620
0.0 0.000045200
0.0 0.000110694
0.0 0.000055734
0.0 0.000046416
0.0 0.000397849
0.0 0.000069120
0.0 0.000131496
0.0 0.000432540
0.0 0.000116321
0.0 0.000135752
0.0 0.000025715
0.0 0.000062974
0.0 0.000018562
0.0 0.000159103
0.0 0.000027642
0.0 0.000052586
0.0 0.000172976
0.0 0.000046518
0.0 0.000054288
0.0 0.000010283
0.0 0.000025184
0.0 0.000132503
0.0 0.000023020
0.0 0.000043794
0.0 0.000144057
0.0 0.000038741
0.0 0.000045212
0.0 0.000008564
0.0 0.000020973
0.0 0.000197317
0.0 0.000375379
0.0 0.001234769
0.0 0.000332060
0.0 0.000387529
0.0 0.000073407
0.0 0.000179772
0.0 0.000065217
0.0 0.000214523
0.0 0.000057690
0.0 0.000067327
0.0 0.000012753
0.0 0.000031233
0.0 0.000408111
0.0 0.000109751
0.0 0.000128085
0.0 0.000024262
0.0 0.000059417
0.0 0.000361015
0.0 0.000421320
0.0 0.000079808
0.0 0.000195447
0.0 0.000113303
0.0 0.000021462
0.0 0.000052561
0.0 0.000025048
0.0 0.000061341
0.0 0.000011619
0.0 0.000204664
0.0 0.000224007
0.0 0.000127438
0.0 0.000050963
0.0 0.000042443
0.0 0.000363797
0.0 0.000063204
0.0 0.000120241
0.0 0.000395519
0.0 0.000106365
0.0 0.000124132
0.0 0.000023514
0.0 0.000057584
0.0 0.000240707
0.0 0.000136939
0.0 0.000054763
0.0 0.000045607
0.0 0.000390918
0.0 0.000067916
0.0 0.000129205
0.0 0.000425006
0.0 0.000114294
0.0 0.000133387
0.0 0.000025267
0.0 0.000061877
0.0 0.000149881
0.0 0.000059939
0.0 0.000049918
0.0 0.000427865
0.0 0.000074335
0.0 0.000141416
0.0 0.000465174
0.0 0.000125097
0.0 0.000145994
0.0 0.000027655
0.0 0.000067725
0.0 0.000034099
0.0 0.000028398
0.0 0.000243414
0.0 0.000042290
0.0 0.000080452
0.0 0.000264639
0.0 0.000071168
0.0 0.000083056
0.0 0.000015733
0.0 0.000038529
0.0 0.000011357
0.0 0.000097343
0.0 0.000016912
0.0 0.000032173
0.0 0.000105831
0.0 0.000028461
0.0 0.000033215
0.0 0.000006292
0.0 0.000015408
0.0 0.000081069
0.0 0.000014084
0.0 0.000026795
0.0 0.000088138
0.0 0.000023702
0.0 0.000027662
0.0 0.000005240
0.0 0.000012832
0.0 0.000120723
0.0 0.000229666
0.0 0.000755461
0.0 0.000203162
0.0 0.000237099
0.0 0.000044912
0.0 0.000109989
0.0 0.000039901
0.0 0.000131250
0.0 0.000035296
0.0 0.000041193
0.0 0.000007803
0.0 0.000019109
0.0 0.000249692
0.0 0.000067148
0.0 0.000078365
0.0 0.000014844
0.0 0.000036353
0.0 0.000220877
0.0 0.000257774
0.0 0.000048828
0.0 0.000119579
0.0 0.000069322
0.0 0.000013131
0.0 0.000032158
0.0 0.000015325
0.0 0.000037530
0.0 0.000007109
0.0 0.000271476
0.0 0.000154444
0.0 0.000061763
0.0 0.000051437
0.0 0.000440889
0.0 0.000076598
0.0 0.000145721
0.0 0.000479333
0.0 0.000128904
0.0 0.000150437
0.0 0.000028496
0.0 0.000069787
0.0 0.000169040
0.0 0.000067601
0.0 0.000056299
0.0 0.000482558
0.0 0.000083837
0.0 0.000159493
0.0 0.000524636
0.0 0.000141088
0.0 0.000164656
0.0 0.000031190
0.0 0.000076382
0.0 0.000038458
0.0 0.000032029
0.0 0.000274529
0.0 0.000047695
0.0 0.000090736
0.0 0.000298467
0.0 0.000080265
0.0 0.000093673
0.0 0.000017744
0.0 0.000043454
0.0 0.000012808
0.0 0.000109786
0.0 0.000019074
0.0 0.000036286
0.0 0.000119359
0.0 0.000032099
0.0 0.000037461
0.0 0.000007096
0.0 0.000017378
0.0 0.000091432
0.0 0.000015885
0.0 0.000030220
0.0 0.000099404
0.0 0.000026732
0.0 0.000031198
0.0 0.000005910
0.0 0.000014472
0.0 0.000136155
0.0 0.000259024
0.0 0.000852030
0.0 0.000229132
0.0 0.000267407
0.0 0.000050653
0.0 0.000124048
0.0 0.000045002
0.0 0.000148028
0.0 0.000039808
0.0 0.000046458
0.0 0.000008800
0.0 0.000021552
0.0 0.000281610
0.0 0.000075732
0.0 0.000088382
0.0 0.000016742
0.0 0.000041000
0.0 0.000249112
0.0 0.000290725
0.0 0.000055070
0.0 0.000134865
0.0 0.000078183
0.0 0.000014810
0.0 0.000036268
0.0 0.000017284
0.0 0.000042327
0.0 0.000008018
0.0 0.000181643
0.0 0.000072640
0.0 0.000060496
0.0 0.000518534
0.0 0.000090088
0.0 0.000171384
0.0 0.000563749
0.0 0.000151606
0.0 0.000176931
0.0 0.000033515
0.0 0.000082077
0.0 0.000041325
0.0 0.000034416
0.0 0.000294995
0.0 0.000051251
0.0 0.000097501
0.0 0.000320718
0.0 0.000086249
0.0 0.000100657
0.0 0.000019067
0.0 0.000046694
0.0 0.000013763
0.0 0.000117971
0.0 0.000020496
0.0 0.000038991
0.0 0.000128258
0.0 0.000034492
0.0 0.000040253
0.0 0.000007625
0.0 0.000018673
0.0 0.000098248
0.0 0.000017069
0.0 0.000032473
0.0 0.000106815
0.0 0.000028725
0.0 0.000033524
0.0 0.000006350
0.0 0.000015551
0.0 0.000146306
0.0 0.000278334
0.0 0.000915551
0.0 0.000246214
0.0 0.000287343
0.0 0.000054430
0.0 0.000133296
0.0 0.000048357
0.0 0.000159064
0.0 0.000042776
0.0 0.000049922
0.0 0.000009456
0.0 0.000023158
0.0 0.000302604
0.0 0.000081378
0.0 0.000094972
0.0 0.000017990
0.0 0.000044057
0.0 0.000267684
0.0 0.000312399
0.0 0.000059176
0.0 0.000144919
0.0 0.000084012
0.0 0.000015914
0.0 0.000038972
0.0 0.000018572
0.0 0.000045483
0.0 0.000008615
0.0 0.000045231
0.0 0.000037669
0.0 0.000322876
0.0 0.000056095
0.0 0.000106716
0.0 0.000351030
0.0 0.000094401
0.0 0.000110170
0.0 0.000020869
0.0 0.000051107
0.0 0.000015064
0.0 0.000129121
0.0 0.000022433
0.0 0.000042676
0.0 0.000140380
0.0 0.000037752
0.0 0.000044058
0.0 0.000008346
0.0 0.000020438
0.0 0.000107534
0.0 0.000018682
0.0 0.000035542
0.0 0.000116910
0.0 0.000031440
0.0 0.000036692
0.0 0.000006950
0.0 0.000017021
0.0 0.000160134
0.0 0.000304640
0.0 0.001002082
0.0 0.000269485
0.0 0.000314501
0.0 0.000059574
0.0 0.000145894
0.0 0.000052927
0.0 0.000174097
0.0 0.000046819
0.0 0.000054640
0.0 0.000010350
0.0 0.000025347
0.0 0.000331204
0.0 0.000089069
0.0 0.000103948
0.0 0.000019690
0.0 0.000048220
0.0 0.000292983
0.0 0.000341924
0.0 0.000064769
0.0 0.000158616
0.0 0.000091952
0.0 0.000017418
0.0 0.000042656
0.0 0.000020327
0.0 0.000049781
0.0 0.000009430
0.0 0.000008570
0.0 0.000073457
0.0 0.000012762
0.0 0.000024279
0.0 0.000079862
0.0 0.000021477
0.0 0.000025065
0.0 0.000004748
0.0 0.000011627
0.0 0.000061176
0.0 0.000010628
0.0 0.000020220
0.0 0.000066511
0.0 0.000017886
0.0 0.000020874
0.0 0.000003954
0.0 0.000009683
0.0 0.000091100
0.0 0.000173311
0.0 0.000570087
0.0 0.000153310
0.0 0.000178920
0.0 0.000033892
0.0 0.000083000
0.0 0.000030110
0.0 0.000099044
0.0 0.000026635
0.0 0.000031085
0.0 0.000005888
0.0 0.000014420
0.0 0.000188423
0.0 0.000050672
0.0 0.000059136
0.0 0.000011202
0.0 0.000027433
0.0 0.000166679
0.0 0.000194522
0.0 0.000036847
0.0 0.000090237
0.0 0.000052312
0.0 0.000009909
0.0 0.000024267
0.0 0.000011564
0.0 0.000028321
0.0 0.000005365
0.0 0.000024465
0.0 0.000004250
0.0 0.000008086
0.0 0.000026598
0.0 0.000007153
0.0 0.000008348
0.0 0.000001581
0.0 0.000003872
0.0 0.000036432
0.0 0.000069308
0.0 0.000227982
0.0 0.000061310
0.0 0.000071552
0.0 0.000013554
0.0 0.000033192
0.0 0.000012041
0.0 0.000039609
0.0 0.000010652
0.0 0.000012431
0.0 0.000002355
0.0 0.000005767
0.0 0.000075352
0.0 0.000020264
0.0 0.000023649
0.0 0.000004480
0.0 0.000010971
0.0 0.000066656
0.0 0.000077791
0.0 0.000014735
0.0 0.000036086
0.0 0.000020920
0.0 0.000003963
0.0 0.000009705
0.0 0.000004625
0.0 0.000011326
0.0 0.000002145
0.0 0.000030341
0.0 0.000057721
0.0 0.000189867
0.0 0.000051060
0.0 0.000059589
0.0 0.000011288
0.0 0.000027643
0.0 0.000010028
0.0 0.000032987
0.0 0.000008871
0.0 0.000010353
0.0 0.000001961
0.0 0.000004803
0.0 0.000062754
0.0 0.000016876
0.0 0.000019695
0.0 0.000003731
0.0 0.000009136
0.0 0.000055512
0.0 0.000064785
0.0 0.000012272
0.0 0.000030053
0.0 0.000017422
0.0 0.000003300
0.0 0.000008082
0.0 0.000003851
0.0 0.000009432
0.0 0.000001787
0.0 0.000085955
0.0 0.000282741
0.0 0.000076036
0.0 0.000088737
0.0 0.000016809
0.0 0.000041165
0.0 0.000537889
0.0 0.000144652
0.0 0.000168815
0.0 0.000031978
0.0 0.000078312
0.0 0.000475816
0.0 0.000555299
0.0 0.000105187
0.0 0.000257599
0.0 0.000149334
0.0 0.000028287
0.0 0.000069275
0.0 0.000033013
0.0 0.000080847
0.0 0.000015314
0.0 0.000093450
0.0 0.000025131
0.0 0.000029329
0.0 0.000005556
0.0 0.000013606
0.0 0.000082666
0.0 0.000096475
0.0 0.000018275
0.0 0.000044754
0.0 0.000025945
0.0 0.000004915
0.0 0.000012035
0.0 0.000005735
0.0 0.000014046
0.0 0.000002661
0.0 0.000157265
0.0 0.000183535
0.0 0.000034766
0.0 0.000085141
0.0 0.000049357
0.0 0.000009349
0.0 0.000022896
0.0 0.000010911
0.0 0.000026721
0.0 0.000005062
0.0 0.000162355
0.0 0.000030754
0.0 0.000075315
0.0 0.000035891
0.0 0.000087896
0.0 0.000016650
0.0 0.000009652
0.0 0.000023637
0.0 0.000004477
0.0 0.000005225
0.0 0.000006823
0.0 0.000004174
0.0 0.000004708
0.0 0.000005059
0.0 0.000005537
0.0 0.000003150
0.0 0.000001260
0.0 0.000001049
0.0 0.000008992
0.0 0.000001562
0.0 0.000002972
0.0 0.000009777
0.0 0.000002629
0.0 0.000003068
0.0 0.000000581
0.0 0.000001423
0.0 0.000032453
0.0 0.000036602
0.0 0.000039330
0.0 0.000043048
0.0 0.000024490
0.0 0.000009794
0.0 0.000008156
0.0 0.000069911
0.0 0.000012146
0.0 0.000023107
0.0 0.000076007
0.0 0.000020440
0.0 0.000023855
0.0 0.000004519
0.0 0.000011066
0.0 0.000022394
0.0 0.000024063
0.0 0.000026338
0.0 0.000014984
0.0 0.000005992
0.0 0.000004990
0.0 0.000042773
0.0 0.000007431
0.0 0.000014137
0.0 0.000046503
0.0 0.000012506
0.0 0.000014595
0.0 0.000002765
0.0 0.000006770
0.0 0.000027139
0.0 0.000029704
0.0 0.000016899
0.0 0.000006758
0.0 0.000005628
0.0 0.000048241
0.0 0.000008381
0.0 0.000015944
0.0 0.000052447
0.0 0.000014104
0.0 0.000016460
0.0 0.000003118
0.0 0.000007636
0.0 0.000031919
0.0 0.000018159
0.0 0.000007262
0.0 0.000006048
0.0 0.000051837
0.0 0.000009006
0.0 0.000017133
0.0 0.000056358
0.0 0.000015156
0.0 0.000017688
0.0 0.000003350
0.0 0.000008205
0.0 0.000019875
0.0 0.000007948
0.0 0.000006619
0.0 0.000056737
0.0 0.000009857
0.0 0.000018752
0.0 0.000061684
0.0 0.000016588
0.0 0.000019359
0.0 0.000003667
0.0 0.000008981
0.0 0.000004522
0.0 0.000003766
0.0 0.000032278
0.0 0.000005608
0.0 0.000010668
0.0 0.000035092
0.0 0.000009437
0.0 0.000011014
0.0 0.000002086
0.0 0.000005109
0.0 0.000001506
0.0 0.000012908
0.0 0.000002243
0.0 0.000004266
0.0 0.000014034
0.0 0.000003774
0.0 0.000004404
0.0 0.000000834
0.0 0.000002043
0.0 0.000010750
0.0 0.000001868
0.0 0.000003553
0.0 0.000011687
0.0 0.000003143
0.0 0.000003668
0.0 0.000000695
0.0 0.000001702
0.0 0.000016008
0.0 0.000030455
0.0 0.000100177
0.0 0.000026940
0.0 0.000031440
0.0 0.000005956
0.0 0.000014585
0.0 0.000005291
0.0 0.000017404
0.0 0.000004680
0.0 0.000005462
0.0 0.000001035
0.0 0.000002534
0.0 0.000033110
0.0 0.000008904
0.0 0.000010392
0.0 0.000001968
0.0 0.000004821
0.0 0.000029289
0.0 0.000034182
0.0 0.000006475
0.0 0.000015857
0.0 0.000009192
0.0 0.000001741
0.0 0.000004264
0.0 0.000002032
0.0 0.000004977
0.0 0.000000943
0.0 0.000020428
0.0 0.000023039
0.0 0.000024757
0.0 0.000027097
0.0 0.000015416
0.0 0.000006165
0.0 0.000005134
0.0 0.000044007
0.0 0.000007645
0.0 0.000014545
0.0 0.000047844
0.0 0.000012866
0.0 0.000015016
0.0 0.000002844
0.0 0.000006966
0.0 0.000014096
0.0 0.000015147
0.0 0.000016579
0.0 0.000009432
0.0 0.000003772
0.0 0.000003141
0.0 0.000026924
0.0 0.000004678
0.0 0.000008899
0.0 0.000029272
0.0 0.000007872
0.0 0.000009187
0.0 0.000001740
0.0 0.000004262
0.0 0.000017083
0.0 0.000018698
0.0 0.000010637
0.0 0.000004254
0.0 0.000003543
0.0 0.000030366
0.0 0.000005276
0.0 0.000010036
0.0 0.000033014
0.0 0.000008878
0.0 0.000010361
0.0 0.000001963
0.0 0.000004807
0.0 0.000020092
0.0 0.000011430
0.0 0.000004571
0.0 0.000003807
0.0 0.000032630
0.0 0.000005669
0.0 0.000010785
0.0 0.000035475
0.0 0.000009540
0.0 0.000011134
0.0 0.000002109
0.0 0.000005165
0.0 0.000012511
0.0 0.000005003
0.0 0.000004167
0.0 0.000035714
0.0 0.000006205
0.0 0.000011804
0.0 0.000038828
0.0 0.000010442
0.0 0.000012186
0.0 0.000002308
0.0 0.000005653
0.0 0.000002846
0.0 0.000002370
0.0 0.000020318
0.0 0.000003530
0.0 0.000006715
0.0 0.000022089
0.0 0.000005940
0.0 0.000006933
0.0 0.000001313
0.0 0.000003216
0.0 0.000000948
0.0 0.000008125
0.0 0.000001412
0.0 0.000002685
0.0 0.000008834
0.0 0.000002376
0.0 0.000002772
0.0 0.000000525
0.0 0.000001286
0.0 0.000006767
0.0 0.000001176
0.0 0.000002237
0.0 0.000007357
0.0 0.000001978
0.0 0.000002309
0.0 0.000000437
0.0 0.000001071
0.0 0.000010077
0.0 0.000019170
0.0 0.000063058
0.0 0.000016958
0.0 0.000019791
0.0 0.000003749
0.0 0.000009181
0.0 0.000003331
0.0 0.000010955
0.0 0.000002946
0.0 0.000003438
0.0 0.000000651
0.0 0.000001595
0.0 0.000020842
0.0 0.000005605
0.0 0.000006541
0.0 0.000001239
0.0 0.000003034
0.0 0.000018437
0.0 0.000021516
0.0 0.000004076
0.0 0.000009981
0.0 0.000005786
0.0 0.000001096
0.0 0.000002684
0.0 0.000001279
0.0 0.000003133
0.0 0.000000593
0.0 0.000109590
0.0 0.000117760
0.0 0.000128889
0.0 0.000073326
0.0 0.000029323
0.0 0.000024421
0.0 0.000209322
0.0 0.000036367
0.0 0.000069184
0.0 0.000227574
0.0 0.000061200
0.0 0.000071423
0.0 0.000013529
0.0 0.000033133
0.0 0.000132813
0.0 0.000145365
0.0 0.000082699
0.0 0.000033072
0.0 0.000027543
0.0 0.000236079
0.0 0.000041015
0.0 0.000078028
0.0 0.000256664
0.0 0.000069023
0.0 0.000080553
0.0 0.000015259
0.0 0.000037368
0.0 0.000156202
0.0 0.000088864
0.0 0.000035537
0.0 0.000029596
0.0 0.000253679
0.0 0.000044073
0.0 0.000083845
0.0 0.000275799
0.0 0.000074169
0.0 0.000086559
0.0 0.000016396
0.0 0.000040154
0.0 0.000097263
0.0 0.000038896
0.0 0.000032393
0.0 0.000277655
0.0 0.000048238
0.0 0.000091769
0.0 0.000301866
0.0 0.000081179
0.0 0.000094740
0.0 0.000017946
0.0 0.000043949
0.0 0.000022128
0.0 0.000018429
0.0 0.000157959
0.0 0.000027443
0.0 0.000052208
0.0 0.000171732
0.0 0.000046183
0.0 0.000053898
0.0 0.000010209
0.0 0.000025003
0.0 0.000007370
0.0 0.000063169
0.0 0.000010975
0.0 0.000020878
0.0 0.000068677
0.0 0.000018469
0.0 0.000021554
0.0 0.000004083
0.0 0.000009999
0.0 0.000052608
0.0 0.000009140
0.0 0.000017388
0.0 0.000057195
0.0 0.000015381
0.0 0.000017951
0.0 0.000003400
0.0 0.000008327
0.0 0.000078341
0.0 0.000149037
0.0 0.000490242
0.0 0.000131838
0.0 0.000153861
0.0 0.000029145
0.0 0.000071375
0.0 0.000025893
0.0 0.000085172
0.0 0.000022905
0.0 0.000026731
0.0 0.000005064
0.0 0.000012400
0.0 0.000162033
0.0 0.000043575
0.0 0.000050854
0.0 0.000009633
0.0 0.000023591
0.0 0.000143334
0.0 0.000167277
0.0 0.000031686
0.0 0.000077599
0.0 0.000044985
0.0 0.000008521
0.0 0.000020868
0.0 0.000009945
0.0 0.000024354
0.0 0.000004613
0.0 0.000081258
0.0 0.000088938
0.0 0.000050597
0.0 0.000020234
0.0 0.000016851
0.0 0.000144439
0.0 0.000025094
0.0 0.000047739
0.0 0.000157033
0.0 0.000042230
0.0 0.000049285
0.0 0.000009336
0.0 0.000022863
0.0 0.000095568
0.0 0.000054369
0.0 0.000021743
0.0 0.000018108
0.0 0.000155207
0.0 0.000026965
0.0 0.000051298
0.0 0.000168741
0.0 0.000045379
0.0 0.000052959
0.0 0.000010032
0.0 0.000024567
0.0 0.000059508
0.0 0.000023798
0.0 0.000019819
0.0 0.000169876
0.0 0.000029513
0.0 0.000056147
0.0 0.000184689
0.0 0.000049667
0.0 0.000057964
0.0 0.000010980
0.0 0.000026889
0.0 0.000013538
0.0 0.000011275
0.0 0.000096643
0.0 0.000016790
0.0 0.000031942
0.0 0.000105070
0.0 0.000028256
0.0 0.000032976
0.0 0.000006246
0.0 0.000015297
0.0 0.000004509
0.0 0.000038648
0.0 0.000006715
0.0 0.000012774
0.0 0.000042018
0.0 0.000011300
0.0 0.000013187
0.0 0.000002498
0.0 0.000006117
0.0 0.000032187
0.0 0.000005592
0.0 0.000010638
0.0 0.000034993
0.0 0.000009411
0.0 0.000010983
0.0 0.000002080
0.0 0.000005095
0.0 0.000047931
0.0 0.000091185
0.0 0.000299942
0.0 0.000080662
0.0 0.000094136
0.0 0.000017832
0.0 0.000043669
0.0 0.000015842
0.0 0.000052110
0.0 0.000014014
0.0 0.000016355
0.0 0.000003098
0.0 0.000007587
0.0 0.000099136
0.0 0.000026660
0.0 0.000031113
0.0 0.000005894
0.0 0.000014433
0.0 0.000087695
0.0 0.000102344
0.0 0.000019386
0.0 0.000047477
0.0 0.000027523
0.0 0.000005213
0.0 0.000012768
0.0 0.000006084
0.0 0.000014900
0.0 0.000002822
0.0 0.000107785
0.0 0.000061319
0.0 0.000024522
0.0 0.000020422
0.0 0.000175047
0.0 0.000030412
0.0 0.000057856
0.0 0.000190310
0.0 0.000051179
0.0 0.000059728
0.0 0.000011314
0.0 0.000027708
0.0 0.000067114
0.0 0.000026840
0.0 0.000022352
0.0 0.000191591
0.0 0.000033286
0.0 0.000063324
0.0 0.000208297
0.0 0.000056016
0.0 0.000065373
0.0 0.000012383
0.0 0.000030326
0.0 0.000015269
0.0 0.000012716
0.0 0.000108996
0.0 0.000018937
0.0 0.000036025
0.0 0.000118501
0.0 0.000031868
0.0 0.000037191
0.0 0.000007045
0.0 0.000017253
0.0 0.000005085
0.0 0.000043589
0.0 0.000007573
0.0 0.000014407
0.0 0.000047389
0.0 0.000012744
0.0 0.000014873
0.0 0.000002817
0.0 0.000006899
0.0 0.000036301
0.0 0.000006307
0.0 0.000011998
0.0 0.000039467
0.0 0.000010614
0.0 0.000012386
0.0 0.000002346
0.0 0.000005746
0.0 0.000054058
0.0 0.000102841
0.0 0.000338283
0.0 0.000090973
0.0 0.000106169
0.0 0.000020111
0.0 0.000049251
0.0 0.000017867
0.0 0.000058772
0.0 0.000015805
0.0 0.000018445
0.0 0.000003494
0.0 0.000008557
0.0 0.000111808
0.0 0.000030068
0.0 0.000035091
0.0 0.000006647
0.0 0.000016278
0.0 0.000098905
0.0 0.000115427
0.0 0.000021865
0.0 0.000053546
0.0 0.000031041
0.0 0.000005880
0.0 0.000014400
0.0 0.000006862
0.0 0.000016805
0.0 0.000003183
0.0 0.000072118
0.0 0.000028840
0.0 0.000024019
0.0 0.000205874
0.0 0.000035768
0.0 0.000068045
0.0 0.000223826
0.0 0.000060192
0.0 0.000070247
0.0 0.000013306
0.0 0.000032587
0.0 0.000016407
0.0 0.000013664
0.0 0.000117122
0.0 0.000020348
0.0 0.000038711
0.0 0.000127335
0.0 0.000034244
0.0 0.000039964
0.0 0.000007570
0.0 0.000018539
0.0 0.000005464
0.0 0.000046838
0.0 0.000008137
0.0 0.000015481
0.0 0.000050922
0.0 0.000013694
0.0 0.000015982
0.0 0.000003027
0.0 0.000007414
0.0 0.000039008
0.0 0.000006777
0.0 0.000012893
0.0 0.000042409
0.0 0.000011405
0.0 0.000013310
0.0 0.000002521
0.0 0.000006174
0.0 0.000058088
0.0 0.000110508
0.0 0.000363503
0.0 0.000097755
0.0 0.000114084
0.0 0.000021610
0.0 0.000052923
0.0 0.000019199
0.0 0.000063153
0.0 0.000016983
0.0 0.000019820
0.0 0.000003754
0.0 0.000009195
0.0 0.000120143
0.0 0.000032310
0.0 0.000037707
0.0 0.000007143
0.0 0.000017492
0.0 0.000106279
0.0 0.000124032
0.0 0.000023495
0.0 0.000057538
0.0 0.000033355
0.0 0.000006318
0.0 0.000015473
0.0 0.000007374
0.0 0.000018058
0.0 0.000003421
0.0 0.000017958
0.0 0.000014956
0.0 0.000128192
0.0 0.000022271
0.0 0.000042370
0.0 0.000139370
0.0 0.000037480
0.0 0.000043741
0.0 0.000008286
0.0 0.000020291
0.0 0.000005981
0.0 0.000051265
0.0 0.000008907
0.0 0.000016944
0.0 0.000055735
0.0 0.000014989
0.0 0.000017492
0.0 0.000003313
0.0 0.000008115
0.0 0.000042694
0.0 0.000007417
0.0 0.000014111
0.0 0.000046417
0.0 0.000012483
0.0 0.000014568
0.0 0.000002759
0.0 0.000006758
0.0 0.000063578
0.0 0.000120952
0.0 0.000397858
0.0 0.000106994
0.0 0.000124867
0.0 0.000023653
0.0 0.000057925
0.0 0.000021014
0.0 0.000069122
0.0 0.000018589
0.0 0.000021694
0.0 0.000004109
0.0 0.000010064
0.0 0.000131499
0.0 0.000035363
0.0 0.000041270
0.0 0.000007818
0.0 0.000019145
0.0 0.000116323
0.0 0.000135755
0.0 0.000025715
0.0 0.000062976
0.0 0.000036508
0.0 0.000006915
0.0 0.000016936
0.0 0.000008071
0.0 0.000019765
0.0 0.000003744
0.0 0.000003403
0.0 0.000029165
0.0 0.000005067
0.0 0.000009639
0.0 0.000031708
0.0 0.000008527
0.0 0.000009951
0.0 0.000001885
0.0 0.000004616
0.0 0.000024289
0.0 0.000004220
0.0 0.000008028
0.0 0.000026407
0.0 0.000007101
0.0 0.000008288
0.0 0.000001570
0.0 0.000003845
0.0 0.000036170
0.0 0.000068810
0.0 0.000226343
0.0 0.000060869
0.0 0.000071037
0.0 0.000013456
0.0 0.000032953
0.0 0.000011955
0.0 0.000039324
0.0 0.000010575
0.0 0.000012342
0.0 0.000002338
0.0 0.000005725
0.0 0.000074810
0.0 0.000020118
0.0 0.000023479
0.0 0.000004447
0.0 0.000010892
0.0 0.000066177
0.0 0.000077231
0.0 0.000014629
0.0 0.000035827
0.0 0.000020769
0.0 0.000003934
0.0 0.000009635
0.0 0.000004591
0.0 0.000011244
0.0 0.000002130
0.0 0.000009713
0.0 0.000001688
0.0 0.000003210
0.0 0.000010560
0.0 0.000002840
0.0 0.000003314
0.0 0.000000628
0.0 0.000001537
0.0 0.000014465
0.0 0.000027518
0.0 0.000090516
0.0 0.000024342
0.0 0.000028408
0.0 0.000005381
0.0 0.000013178
0.0 0.000004781
0.0 0.000015726
0.0 0.000004229
0.0 0.000004936
0.0 0.000000935
0.0 0.000002290
0.0 0.000029917
0.0 0.000008045
0.0 0.000009389
0.0 0.000001779
0.0 0.000004356
0.0 0.000026465
0.0 0.000030885
0.0 0.000005850
0.0 0.000014327
0.0 0.000008306
0.0 0.000001573
0.0 0.000003853
0.0 0.000001836
0.0 0.000004497
0.0 0.000000852
0.0 0.000012046
0.0 0.000022917
0.0 0.000075383
0.0 0.000020272
0.0 0.000023659
0.0 0.000004482
0.0 0.000010975
0.0 0.000003982
0.0 0.000013097
0.0 0.000003522
0.0 0.000004110
0.0 0.000000779
0.0 0.000001907
0.0 0.000024915
0.0 0.000006700
0.0 0.000007820
0.0 0.000001481
0.0 0.000003627
0.0 0.000022040
0.0 0.000025722
0.0 0.000004872
0.0 0.000011932
0.0 0.000006917
0.0 0.000001310
0.0 0.000003209
0.0 0.000001529
0.0 0.000003745
0.0 0.000000709
0.0 0.000034127
0.0 0.000112257
0.0 0.000030189
0.0 0.000035232
0.0 0.000006674
0.0 0.000016344
0.0 0.000213559
0.0 0.000057431
0.0 0.000067025
0.0 0.000012696
0.0 0.000031092
0.0 0.000188914
0.0 0.000220471
0.0 0.000041762
0.0 0.000102275
0.0 0.000059290
0.0 0.000011231
0.0 0.000027504
0.0 0.000013107
0.0 0.000032099
0.0 0.000006080
0.0 0.000037103
0.0 0.000009978
0.0 0.000011645
0.0 0.000002206
0.0 0.000005402
0.0 0.000032821
0.0 0.000038304
0.0 0.000007256
0.0 0.000017769
0.0 0.000010301
0.0 0.000001951
0.0 0.000004778
0.0 0.000002277
0.0 0.000005577
0.0 0.000001056
0.0 0.000062439
0.0 0.000072869
0.0 0.000013803
0.0 0.000033803
0.0 0.000019596
0.0 0.000003712
0.0 0.000009091
0.0 0.000004332
0.0 0.000010609
0.0 0.000002010
0.0 0.000064460
0.0 0.000012210
0.0 0.000029903
0.0 0.000014250
0.0 0.000034898
0.0 0.000006610
0.0 0.000003832
0.0 0.000009385
0.0 0.000001778
0.0 0.000002075
0.0 0.000004275
0.0 0.000004821
0.0 0.000005180
0.0 0.000005670
0.0 0.000003226
0.0 0.000001290
0.0 0.000001074
0.0 0.000009208
0.0 0.000001600
0.0 0.000003044
0.0 0.000010011
0.0 0.000002692
0.0 0.000003142
0.0 0.000000595
0.0 0.000001458
0.0 0.000002950
0.0 0.000003170
0.0 0.000003469
0.0 0.000001974
0.0 0.000000789
0.0 0.000000657
0.0 0.000005634
0.0 0.000000979
0.0 0.000001862
0.0 0.000006125
0.0 0.000001647
0.0 0.000001922
0.0 0.000000364
0.0 0.000000892
0.0 0.000003575
0.0 0.000003913
0.0 0.000002226
0.0 0.000000890
0.0 0.000000741
0.0 0.000006354
0.0 0.000001104
0.0 0.000002100
0.0 0.000006908
0.0 0.000001858
0.0 0.000002168
0.0 0.000000411
0.0 0.000001006
0.0 0.000004204
0.0 0.000002392
0.0 0.000000956
0.0 0.000000797
0.0 0.000006828
0.0 0.000001186
0.0 0.000002257
0.0 0.000007423
0.0 0.000001996
0.0 0.000002330
0.0 0.000000441
0.0 0.000001081
0.0 0.000002618
0.0 0.000001047
0.0 0.000000872
0.0 0.000007473
0.0 0.000001298
0.0 0.000002470
0.0 0.000008125
0.0 0.000002185
0.0 0.000002550
0.0 0.000000483
0.0 0.000001183
0.0 0.000000596
0.0 0.000000496
0.0 0.000004252
0.0 0.000000739
0.0 0.000001405
0.0 0.000004622
0.0 0.000001243
0.0 0.000001451
0.0 0.000000275
0.0 0.000000673
0.0 0.000000198
0.0 0.000001700
0.0 0.000000295
0.0 0.000000562
0.0 0.000001848
0.0 0.000000497
0.0 0.000000580
0.0 0.000000110
0.0 0.000000269
0.0 0.000001416
0.0 0.000000246
0.0 0.000000468
0.0 0.000001539
0.0 0.000000414
0.0 0.000000483
0.0 0.000000092
0.0 0.000000224
0.0 0.000002109
0.0 0.000004011
0.0 0.000013195
0.0 0.000003548
0.0 0.000004141
0.0 0.000000784
0.0 0.000001921
0.0 0.000000697
0.0 0.000002292
0.0 0.000000616
0.0 0.000000719
0.0 0.000000136
0.0 0.000000334
0.0 0.000004361
0.0 0.000001173
0.0 0.000001369
0.0 0.000000259
0.0 0.000000635
0.0 0.000003858
0.0 0.000004502
0.0 0.000000853
0.0 0.000002089
0.0 0.000001211
0.0 0.000000229
0.0 0.000000562
0.0 0.000000268
0.0 0.000000655
0.0 0.000000124
0.0 0.000022932
0.0 0.000024641
0.0 0.000026970
0.0 0.000015344
0.0 0.000006136
0.0 0.000005110
0.0 0.000043801
0.0 0.000007610
0.0 0.000014477
0.0 0.000047620
0.0 0.000012806
0.0 0.000014946
0.0 0.000002831
0.0 0.000006933
0.0 0.000027791
0.0 0.000030418
0.0 0.000017305
0.0 0.000006920
0.0 0.000005763
0.0 0.000049400
0.0 0.000008583
0.0 0.000016328
0.0 0.000053708
0.0 0.000014443
0.0 0.000016856
0.0 0.000003193
0.0 0.000007819
0.0 0.000032686
0.0 0.000018595
0.0 0.000007436
0.0 0.000006193
0.0 0.000053083
0.0 0.000009222
0.0 0.000017545
0.0 0.000057712
0.0 0.000015520
0.0 0.000018113
0.0 0.000003431
0.0 0.000008402
0.0 0.000020352
0.0 0.000008139
0.0 0.000006778
0.0 0.000058100
0.0 0.000010094
0.0 0.000019203
0.0 0.000063166
0.0 0.000016987
0.0 0.000019825
0.0 0.000003755
0.0 0.000009196
0.0 0.000004630
0.0 0.000003856
0.0 0.000033053
0.0 0.000005743
0.0 0.000010925
0.0 0.000035935
0.0 0.000009664
0.0 0.000011278
0.0 0.000002136
0.0 0.000005232
0.0 0.000001542
0.0 0.000013218
0.0 0.000002296
0.0 0.000004369
0.0 0.000014371
0.0 0.000003865
0.0 0.000004510
0.0 0.000000854
0.0 0.000002092
0.0 0.000011008
0.0 0.000001913
0.0 0.000003638
0.0 0.000011968
0.0 0.000003219
0.0 0.000003756
0.0 0.000000712
0.0 0.000001742
0.0 0.000016393
0.0 0.000031186
0.0 0.000102584
0.0 0.000027587
0.0 0.000032196
0.0 0.000006099
0.0 0.000014935
0.0 0.000005418
0.0 0.000017823
0.0 0.000004793
0.0 0.000005594
0.0 0.000001060
0.0 0.000002595
0.0 0.000033906
0.0 0.000009118
0.0 0.000010641
0.0 0.000002016
0.0 0.000004936
0.0 0.000029993
0.0 0.000035003
0.0 0.000006630
0.0 0.000016238
0.0 0.000009413
0.0 0.000001783
0.0 0.000004367
0.0 0.000002081
0.0 0.000005096
0.0 0.000000965
0.0 0.000017003
0.0 0.000018610
0.0 0.000010588
0.0 0.000004234
0.0 0.000003526
0.0 0.000030224
0.0 0.000005251
0.0 0.000009990
0.0 0.000032860
0.0 0.000008837
0.0 0.000010313
0.0 0.000001954
0.0 0.000004784
0.0 0.000019998
0.0 0.000011377
0.0 0.000004550
0.0 0.000003789
0.0 0.000032477
0.0 0.000005642
0.0 0.000010734
0.0 0.000035309
0.0 0.000009496
0.0 0.000011082
0.0 0.000002099
0.0 0.000005141
0.0 0.000012452
0.0 0.000004980
0.0 0.000004147
0.0 0.000035547
0.0 0.000006176
0.0 0.000011749
0.0 0.000038647
0.0 0.000010393
0.0 0.000012129
0.0 0.000002298
0.0 0.000005627
0.0 0.000002833
0.0 0.000002359
0.0 0.000020223
0.0 0.000003513
0.0 0.000006684
0.0 0.000021986
0.0 0.000005913
0.0 0.000006900
0.0 0.000001307
0.0 0.000003201
0.0 0.000000944
0.0 0.000008087
0.0 0.000001405
0.0 0.000002673
0.0 0.000008792
0.0 0.000002364
0.0 0.000002759
0.0 0.000000523
0.0 0.000001280
0.0 0.000006735
0.0 0.000001170
0.0 0.000002226
0.0 0.000007322
0.0 0.000001969
0.0 0.000002298
0.0 0.000000435
0.0 0.000001066
0.0 0.000010030
0.0 0.000019081
0.0 0.000062764
0.0 0.000016879
0.0 0.000019698
0.0 0.000003731
0.0 0.000009138
0.0 0.000003315
0.0 0.000010904
0.0 0.000002932
0.0 0.000003422
0.0 0.000000648
0.0 0.000001588
0.0 0.000020744
0.0 0.000005579
0.0 0.000006511
0.0 0.000001233
0.0 0.000003020
0.0 0.000018350
0.0 0.000021416
0.0 0.000004057
0.0 0.000009935
0.0 0.000005759
0.0 0.000001091
0.0 0.000002672
0.0 0.000001273
0.0 0.000003118
0.0 0.000000591
0.0 0.000022554
0.0 0.000012831
0.0 0.000005131
0.0 0.000004273
0.0 0.000036629
0.0 0.000006364
0.0 0.000012106
0.0 0.000039823
0.0 0.000010709
0.0 0.000012498
0.0 0.000002367
0.0 0.000005798
0.0 0.000014044
0.0 0.000005616
0.0 0.000004677
0.0 0.000040091
0.0 0.000006965
0.0 0.000013251
0.0 0.000043587
0.0 0.000011722
0.0 0.000013680
0.0 0.000002591
0.0 0.000006346
0.0 0.000003195
0.0 0.000002661
0.0 0.000022808
0.0 0.000003963
0.0 0.000007538
0.0 0.000024797
0.0 0.000006668
0.0 0.000007782
0.0 0.000001474
0.0 0.000003610
0.0 0.000001064
0.0 0.000009121
0.0 0.000001585
0.0 0.000003015
0.0 0.000009916
0.0 0.000002667
0.0 0.000003112
0.0 0.000000590
0.0 0.000001444
0.0 0.000007596
0.0 0.000001320
0.0 0.000002511
0.0 0.000008258
0.0 0.000002221
0.0 0.000002592
0.0 0.000000491
0.0 0.000001202
0.0 0.000011312
0.0 0.000021520
0.0 0.000070786
0.0 0.000019036
0.0 0.000022216
0.0 0.000004208
0.0 0.000010306
0.0 0.000003739
0.0 0.000012298
0.0 0.000003307
0.0 0.000003860
0.0 0.000000731
0.0 0.000001790
0.0 0.000023396
0.0 0.000006292
0.0 0.000007343
0.0 0.000001391
0.0 0.000003406
0.0 0.000020696
0.0 0.000024153
0.0 0.000004575
0.0 0.000011205
0.0 0.000006495
0.0 0.000001230
0.0 0.000003013
0.0 0.000001436
0.0 0.000003517
0.0 0.000000666
0.0 0.000015091
0.0 0.000006035
0.0 0.000005026
0.0 0.000043080
0.0 0.000007484
0.0 0.000014239
0.0 0.000046836
0.0 0.000012595
0.0 0.000014699
0.0 0.000002784
0.0 0.000006819
0.0 0.000003433
0.0 0.000002859
0.0 0.000024508
0.0 0.000004258
0.0 0.000008100
0.0 0.000026645
0.0 0.000007166
0.0 0.000008363
0.0 0.000001584
0.0 0.000003879
0.0 0.000001143
0.0 0.000009801
0.0 0.000001703
0.0 0.000003239
0.0 0.000010656
0.0 0.000002866
0.0 0.000003344
0.0 0.000000633
0.0 0.000001551
0.0 0.000008162
0.0 0.000001418
0.0 0.000002698
0.0 0.000008874
0.0 0.000002386
0.0 0.000002785
0.0 0.000000528
0.0 0.000001292
0.0 0.000012155
0.0 0.000023124
0.0 0.000076064
0.0 0.000020455
0.0 0.000023872
0.0 0.000004522
0.0 0.000011074
0.0 0.000004017
0.0 0.000013215
0.0 0.000003554
0.0 0.000004147
0.0 0.000000786
0.0 0.000001924
0.0 0.000025140
0.0 0.000006761
0.0 0.000007890
0.0 0.000001495
0.0 0.000003660
0.0 0.000022239
0.0 0.000025954
0.0 0.000004916
0.0 0.000012040
0.0 0.000006980
0.0 0.000001322
0.0 0.000003238
0.0 0.000001543
0.0 0.000003779
0.0 0.000000716
0.0 0.000003758
0.0 0.000003130
0.0 0.000026824
0.0 0.000004660
0.0 0.000008866
0.0 0.000029163
0.0 0.000007843
0.0 0.000009153
0.0 0.000001734
0.0 0.000004246
0.0 0.000001252
0.0 0.000010727
0.0 0.000001864
0.0 0.000003546
0.0 0.000011663
0.0 0.000003136
0.0 0.000003660
0.0 0.000000693
0.0 0.000001698
0.0 0.000008934
0.0 0.000001552
0.0 0.000002953
0.0 0.000009713
0.0 0.000002612
0.0 0.000003048
0.0 0.000000577
0.0 0.000001414
0.0 0.000013304
0.0 0.000025309
0.0 0.000083253
0.0 0.000022389
0.0 0.000026129
0.0 0.000004949
0.0 0.000012121
0.0 0.000004397
0.0 0.000014464
0.0 0.000003890
0.0 0.000004539
0.0 0.000000860
0.0 0.000002106
0.0 0.000027516
0.0 0.000007400
0.0 0.000008636
0.0 0.000001636
0.0 0.000004006
0.0 0.000024341
0.0 0.000028407
0.0 0.000005381
0.0 0.000013178
0.0 0.000007639
0.0 0.000001447
0.0 0.000003544
0.0 0.000001689
0.0 0.000004136
0.0 0.000000783
0.0 0.000000712
0.0 0.000006103
0.0 0.000001060
0.0 0.000002017
0.0 0.000006635
0.0 0.000001784
0.0 0.000002082
0.0 0.000000394
0.0 0.000000966
0.0 0.000005082
0.0 0.000000883
0.0 0.000001680
0.0 0.000005526
0.0 0.000001486
0.0 0.000001734
0.0 0.000000329
0.0 0.000000804
0.0 0.000007569
0.0 0.000014399
0.0 0.000047363
0.0 0.000012737
0.0 0.000014865
0.0 0.000002816
0.0 0.000006896
0.0 0.000002502
0.0 0.000008229
0.0 0.000002213
0.0 0.000002583
0.0 0.000000489
0.0 0.000001198
0.0 0.000015654
0.0 0.000004210
0.0 0.000004913
0.0 0.000000931
0.0 0.000002279
0.0 0.000013848
0.0 0.000016161
0.0 0.000003061
0.0 0.000007497
0.0 0.000004346
0.0 0.000000823
0.0 0.000002016
0.0 0.000000961
0.0 0.000002353
0.0 0.000000446
0.0 0.000002033
0.0 0.000000353
0.0 0.000000672
0.0 0.000002210
0.0 0.000000594
0.0 0.000000694
0.0 0.000000131
0.0 0.000000322
0.0 0.000003027
0.0 0.000005758
0.0 0.000018941
0.0 0.000005094
0.0 0.000005944
0.0 0.000001126
0.0 0.000002758
0.0 0.000001000
0.0 0.000003291
0.0 0.000000885
0.0 0.000001033
0.0 0.000000196
0.0 0.000000479
0.0 0.000006260
0.0 0.000001684
0.0 0.000001965
0.0 0.000000372
0.0 0.000000911
0.0 0.000005538
0.0 0.000006463
0.0 0.000001224
0.0 0.000002998
0.0 0.000001738
0.0 0.000000329
0.0 0.000000806
0.0 0.000000384
0.0 0.000000941
0.0 0.000000178
0.0 0.000002521
0.0 0.000004795
0.0 0.000015774
0.0 0.000004242
0.0 0.000004951
0.0 0.000000938
0.0 0.000002297
0.0 0.000000833
0.0 0.000002741
0.0 0.000000737
0.0 0.000000860
0.0 0.000000163
0.0 0.000000399
0.0 0.000005214
0.0 0.000001402
0.0 0.000001636
0.0 0.000000310
0.0 0.000000759
0.0 0.000004612
0.0 0.000005382
0.0 0.000001020
0.0 0.000002497
0.0 0.000001447
0.0 0.000000274
0.0 0.000000671
0.0 0.000000320
0.0 0.000000784
0.0 0.000000148
0.0 0.000007141
0.0 0.000023490
0.0 0.000006317
0.0 0.000007372
0.0 0.000001396
0.0 0.000003420
0.0 0.000044688
0.0 0.000012018
0.0 0.000014025
0.0 0.000002657
0.0 0.000006506
0.0 0.000039531
0.0 0.000046134
0.0 0.000008739
0.0 0.000021401
0.0 0.000012407
0.0 0.000002350
0.0 0.000005755
0.0 0.000002743
0.0 0.000006717
0.0 0.000001272
0.0 0.000007764
0.0 0.000002088
0.0 0.000002437
0.0 0.000000462
0.0 0.000001130
0.0 0.000006868
0.0 0.000008015
0.0 0.000001518
0.0 0.000003718
0.0 0.000002155
0.0 0.000000408
0.0 0.000001000
0.0 0.000000476
0.0 0.000001167
0.0 0.000000221
0.0 0.000013066
0.0 0.000015248
0.0 0.000002888
0.0 0.000007073
0.0 0.000004101
0.0 0.000000777
0.0 0.000001902
0.0 0.000000906
0.0 0.000002220
0.0 0.000000421
0.0 0.000013488
0.0 0.000002555
0.0 0.000006257
0.0 0.000002982
0.0 0.000007302
0.0 0.000001383
0.0 0.000000802
0.0 0.000001964
0.0 0.000000372
0.0 0.000000434
0.0 0.000014435
0.0 0.000015511
0.0 0.000016977
0.0 0.000009658
0.0 0.000003862
0.0 0.000003217
0.0 0.000027571
0.0 0.000004790
0.0 0.000009113
0.0 0.000029975
0.0 0.000008061
0.0 0.000009408
0.0 0.000001782
0.0 0.000004364
0.0 0.000017494
0.0 0.000019147
0.0 0.000010893
0.0 0.000004356
0.0 0.000003628
0.0 0.000031096
0.0 0.000005402
0.0 0.000010278
0.0 0.000033807
0.0 0.000009092
0.0 0.000010610
0.0 0.000002010
0.0 0.000004922
0.0 0.000020574
0.0 0.000011705
0.0 0.000004681
0.0 0.000003898
0.0 0.000033414
0.0 0.000005805
0.0 0.000011044
0.0 0.000036327
0.0 0.000009769
0.0 0.000011401
0.0 0.000002160
0.0 0.000005289
0.0 0.000012811
0.0 0.000005123
0.0 0.000004267
0.0 0.000036572
0.0 0.000006354
0.0 0.000012088
0.0 0.000039761
0.0 0.000010693
0.0 0.000012479
0.0 0.000002364
0.0 0.000005789
0.0 0.000002915
0.0 0.000002427
0.0 0.000020806
0.0 0.000003615
0.0 0.000006877
0.0 0.000022620
0.0 0.000006083
0.0 0.000007099
0.0 0.000001345
0.0 0.000003293
0.0 0.000000971
0.0 0.000008320
0.0 0.000001446
0.0 0.000002750
0.0 0.000009046
0.0 0.000002433
0.0 0.000002839
0.0 0.000000538
0.0 0.000001317
0.0 0.000006929
0.0 0.000001204
0.0 0.000002290
0.0 0.000007534
0.0 0.000002026
0.0 0.000002364
0.0 0.000000448
0.0 0.000001097
0.0 0.000010319
0.0 0.000019631
0.0 0.000064573
0.0 0.000017365
0.0 0.000020266
0.0 0.000003839
0.0 0.000009401
0.0 0.000003411
0.0 0.000011219
0.0 0.000003017
0.0 0.000003521
0.0 0.000000667
0.0 0.000001633
0.0 0.000021342
0.0 0.000005740
0.0 0.000006698
0.0 0.000001269
0.0 0.000003107
0.0 0.000018880
0.0 0.000022033
0.0 0.000004174
0.0 0.000010221
0.0 0.000005925
0.0 0.000001122
0.0 0.000002749
0.0 0.000001310
0.0 0.000003208
0.0 0.000000608
0.0 0.000010703
0.0 0.000011715
0.0 0.000006664
0.0 0.000002665
0.0 0.000002220
0.0 0.000019025
0.0 0.000003305
0.0 0.000006288
0.0 0.000020684
0.0 0.000005562
0.0 0.000006492
0.0 0.000001230
0.0 0.000003011
0.0 0.000012588
0.0 0.000007161
0.0 0.000002864
0.0 0.000002385
0.0 0.000020443
0.0 0.000003552
0.0 0.000006757
0.0 0.000022226
0.0 0.000005977
0.0 0.000006976
0.0 0.000001321
0.0 0.000003236
0.0 0.000007838
0.0 0.000003135
0.0 0.000002610
0.0 0.000022376
0.0 0.000003887
0.0 0.000007395
0.0 0.000024327
0.0 0.000006542
0.0 0.000007635
0.0 0.000001446
0.0 0.000003542
0.0 0.000001783
0.0 0.000001485
0.0 0.000012729
0.0 0.000002212
0.0 0.000004207
0.0 0.000013839
0.0 0.000003722
0.0 0.000004343
0.0 0.000000823
0.0 0.000002015
0.0 0.000000594
0.0 0.000005091
0.0 0.000000884
0.0 0.000001683
0.0 0.000005535
0.0 0.000001488
0.0 0.000001737
0.0 0.000000329
0.0 0.000000806
0.0 0.000004240
0.0 0.000000737
0.0 0.000001401
0.0 0.000004609
0.0 0.000001240
0.0 0.000001447
0.0 0.000000274
0.0 0.000000671
0.0 0.000006313
0.0 0.000012011
0.0 0.000039507
0.0 0.000010625
0.0 0.000012399
0.0 0.000002349
0.0 0.000005752
0.0 0.000002087
0.0 0.000006864
0.0 0.000001846
0.0 0.000002154
0.0 0.000000408
0.0 0.000000999
0.0 0.000013058
0.0 0.000003512
0.0 0.000004098
0.0 0.000000776
0.0 0.000001901
0.0 0.000011551
0.0 0.000013480
0.0 0.000002554
0.0 0.000006253
0.0 0.000003625
0.0 0.000000687
0.0 0.000001682
0.0 0.000000801
0.0 0.000001963
0.0 0.000000372
0.0 0.000014197
0.0 0.000008077
0.0 0.000003230
0.0 0.000002690
0.0 0.000023057
0.0 0.000004006
0.0 0.000007621
0.0 0.000025067
0.0 0.000006741
0.0 0.000007867
0.0 0.000001490
0.0 0.000003650
0.0 0.000008840
0.0 0.000003535
0.0 0.000002944
0.0 0.000025236
0.0 0.000004384
0.0 0.000008341
0.0 0.000027436
0.0 0.000007378
0.0 0.000008611
0.0 0.000001631
0.0 0.000003994
0.0 0.000002011
0.0 0.000001675
0.0 0.000014357
0.0 0.000002494
0.0 0.000004745
0.0 0.000015609
0.0 0.000004198
0.0 0.000004899
0.0 0.000000928
0.0 0.000002272
0.0 0.000000670
0.0 0.000005741
0.0 0.000000997
0.0 0.000001898
0.0 0.000006242
0.0 0.000001679
0.0 0.000001959
0.0 0.000000371
0.0 0.000000909
0.0 0.000004781
0.0 0.000000831
0.0 0.000001580
0.0 0.000005198
0.0 0.000001398
0.0 0.000001632
0.0 0.000000309
0.0 0.000000757
0.0 0.000007120
0.0 0.000013546
0.0 0.000044558
0.0 0.000011983
0.0 0.000013984
0.0 0.000002649
0.0 0.000006487
0.0 0.000002353
0.0 0.000007741
0.0 0.000002082
0.0 0.000002430
0.0 0.000000460
0.0 0.000001127
0.0 0.000014727
0.0 0.000003960
0.0 0.000004622
0.0 0.000000876
0.0 0.000002144
0.0 0.000013027
0.0 0.000015204
0.0 0.000002880
0.0 0.000007053
0.0 0.000004089
0.0 0.000000774
0.0 0.000001897
0.0 0.000000904
0.0 0.000002214
0.0 0.000000419
0.0 0.000009499
0.0 0.000003799
0.0 0.000003164
0.0 0.000027117
0.0 0.000004711
0.0 0.000008963
0.0 0.000029482
0.0 0.000007928
0.0 0.000009253
0.0 0.000001753
0.0 0.000004292
0.0 0.000002161
0.0 0.000001800
0.0 0.000015427
0.0 0.000002680
0.0 0.000005099
0.0 0.000016772
0.0 0.000004510
0.0 0.000005264
0.0 0.000000997
0.0 0.000002442
0.0 0.000000720
0.0 0.000006169
0.0 0.000001072
0.0 0.000002039
0.0 0.000006707
0.0 0.000001804
0.0 0.000002105
0.0 0.000000399
0.0 0.000000977
0.0 0.000005138
0.0 0.000000893
0.0 0.000001698
0.0 0.000005586
0.0 0.000001502
0.0 0.000001753
0.0 0.000000332
0.0 0.000000813
0.0 0.000007651
0.0 0.000014556
0.0 0.000047879
0.0 0.000012876
0.0 0.000015027
0.0 0.000002846
0.0 0.000006971
0.0 0.000002529
0.0 0.000008318
0.0 0.000002237
0.0 0.000002611
0.0 0.000000495
0.0 0.000001211
0.0 0.000015825
0.0 0.000004256
0.0 0.000004967
0.0 0.000000941
0.0 0.000002304
0.0 0.000013999
0.0 0.000016337
0.0 0.000003095
0.0 0.000007579
0.0 0.000004393
0.0 0.000000832
0.0 0.000002038
0.0 0.000000971
0.0 0.000002379
0.0 0.000000451
0.0 0.000002365
0.0 0.000001970
0.0 0.000016885
0.0 0.000002934
0.0 0.000005581
0.0 0.000018357
0.0 0.000004937
0.0 0.000005761
0.0 0.000001091
0.0 0.000002673
0.0 0.000000788
0.0 0.000006752
0.0 0.000001173
0.0 0.000002232
0.0 0.000007341
0.0 0.000001974
0.0 0.000002304
0.0 0.000000436
0.0 0.000001069
0.0 0.000005624
0.0 0.000000977
0.0 0.000001859
0.0 0.000006114
0.0 0.000001644
0.0 0.000001919
0.0 0.000000363
0.0 0.000000890
0.0 0.000008374
0.0 0.000015931
0.0 0.000052405
0.0 0.000014093
0.0 0.000016447
0.0 0.000003115
0.0 0.000007630
0.0 0.000002768
0.0 0.000009105
0.0 0.000002448
0.0 0.000002857
0.0 0.000000541
0.0 0.000001326
0.0 0.000017321
0.0 0.000004658
0.0 0.000005436
0.0 0.000001030
0.0 0.000002522
0.0 0.000015322
0.0 0.000017881
0.0 0.000003387
0.0 0.000008295
0.0 0.000004809
0.0 0.000000911
0.0 0.000002231
0.0 0.000001063
0.0 0.000002603
0.0 0.000000493
0.0 0.000000448
0.0 0.000003841
0.0 0.000000667
0.0 0.000001270
0.0 0.000004176
0.0 0.000001123
0.0 0.000001311
0.0 0.000000248
0.0 0.000000608
0.0 0.000003199
0.0 0.000000556
0.0 0.000001057
0.0 0.000003478
0.0 0.000000935
0.0 0.000001092
0.0 0.000000207
0.0 0.000000506
0.0 0.000004764
0.0 0.000009063
0.0 0.000029813
0.0 0.000008017
0.0 0.000009357
0.0 0.000001772
0.0 0.000004341
0.0 0.000001575
0.0 0.000005180
0.0 0.000001393
0.0 0.000001626
0.0 0.000000308
0.0 0.000000754
0.0 0.000009854
0.0 0.000002650
0.0 0.000003093
0.0 0.000000586
0.0 0.000001435
0.0 0.000008717
0.0 0.000010173
0.0 0.000001927
0.0 0.000004719
0.0 0.000002736
0.0 0.000000518
0.0 0.000001269
0.0 0.000000605
0.0 0.000001481
0.0 0.000000281
0.0 0.000001279
0.0 0.000000222
0.0 0.000000423
0.0 0.000001391
0.0 0.000000374
0.0 0.000000437
0.0 0.000000083
0.0 0.000000203
0.0 0.000001905
0.0 0.000003625
0.0 0.000011922
0.0 0.000003206
0.0 0.000003742
0.0 0.000000709
0.0 0.000001736
0.0 0.000000630
0.0 0.000002071
0.0 0.000000557
0.0 0.000000650
0.0 0.000000123
0.0 0.000000302
0.0 0.000003941
0.0 0.000001060
0.0 0.000001237
0.0 0.000000234
0.0 0.000000574
0.0 0.000003486
0.0 0.000004068
0.0 0.000000771
0.0 0.000001887
0.0 0.000001094
0.0 0.000000207
0.0 0.000000508
0.0 0.000000242
0.0 0.000000592
0.0 0.000000112
0.0 0.000001587
0.0 0.000003019
0.0 0.000009929
0.0 0.000002670
0.0 0.000003116
0.0 0.000000590
0.0 0.000001446
0.0 0.000000524
0.0 0.000001725
0.0 0.000000464
0.0 0.000000541
0.0 0.000000103
0.0 0.000000251
0.0 0.000003282
0.0 0.000000883
0.0 0.000001030
0.0 0.000000195
0.0 0.000000478
0.0 0.000002903
0.0 0.000003388
0.0 0.000000642
0.0 0.000001572
0.0 0.000000911
0.0 0.000000173
0.0 0.000000423
0.0 0.000000201
0.0 0.000000493
0.0 0.000000093
0.0 0.000004495
0.0 0.000014786
0.0 0.000003976
0.0 0.000004641
0.0 0.000000879
0.0 0.000002153
0.0 0.000028129
0.0 0.000007565
0.0 0.000008828
0.0 0.000001672
0.0 0.000004095
0.0 0.000024883
0.0 0.000029040
0.0 0.000005501
0.0 0.000013471
0.0 0.000007810
0.0 0.000001479
0.0 0.000003623
0.0 0.000001726
0.0 0.000004228
0.0 0.000000801
0.0 0.000004887
0.0 0.000001314
0.0 0.000001534
0.0 0.000000291
0.0 0.000000712
0.0 0.000004323
0.0 0.000005045
0.0 0.000000956
0.0 0.000002340
0.0 0.000001357
0.0 0.000000257
0.0 0.000000629
0.0 0.000000300
0.0 0.000000735
0.0 0.000000139
0.0 0.000008224
0.0 0.000009598
0.0 0.000001818
0.0 0.000004452
0.0 0.000002581
0.0 0.000000489
0.0 0.000001197
0.0 0.000000571
0.0 0.000001397
0.0 0.000000265
0.0 0.000008490
0.0 0.000001608
0.0 0.000003939
0.0 0.000001877
0.0 0.000004597
0.0 0.000000871
0.0 0.000000505
0.0 0.000001236
0.0 0.000000234
0.0 0.000000273
0.0 0.000083210
0.0 0.000091075
0.0 0.000051813
0.0 0.000020720
0.0 0.000017256
0.0 0.000147909
0.0 0.000025697
0.0 0.000048886
0.0 0.000160806
0.0 0.000043245
0.0 0.000050469
0.0 0.000009560
0.0 0.000023412
0.0 0.000097865
0.0 0.000055675
0.0 0.000022265
0.0 0.000018543
0.0 0.000158936
0.0 0.000027613
0.0 0.000052531
0.0 0.000172795
0.0 0.000046469
0.0 0.000054231
0.0 0.000010273
0.0 0.000025157
0.0 0.000060937
0.0 0.000024369
0.0 0.000020295
0.0 0.000173958
0.0 0.000030223
0.0 0.000057496
0.0 0.000189126
0.0 0.000050861
0.0 0.000059357
0.0 0.000011244
0.0 0.000027535
0.0 0.000013864
0.0 0.000011546
0.0 0.000098965
0.0 0.000017194
0.0 0.000032709
0.0 0.000107594
0.0 0.000028935
0.0 0.000033768
0.0 0.000006396
0.0 0.000015665
0.0 0.000004617
0.0 0.000039577
0.0 0.000006876
0.0 0.000013081
0.0 0.000043028
0.0 0.000011571
0.0 0.000013504
0.0 0.000002558
0.0 0.000006264
0.0 0.000032960
0.0 0.000005726
0.0 0.000010894
0.0 0.000035834
0.0 0.000009637
0.0 0.000011246
0.0 0.000002130
0.0 0.000005217
0.0 0.000049083
0.0 0.000093375
0.0 0.000307149
0.0 0.000082600
0.0 0.000096398
0.0 0.000018260
0.0 0.000044718
0.0 0.000016223
0.0 0.000053363
0.0 0.000014351
0.0 0.000016748
0.0 0.000003172
0.0 0.000007769
0.0 0.000101518
0.0 0.000027301
0.0 0.000031861
0.0 0.000006035
0.0 0.000014780
0.0 0.000089802
0.0 0.000104803
0.0 0.000019852
0.0 0.000048617
0.0 0.000028184
0.0 0.000005339
0.0 0.000013074
0.0 0.000006231
0.0 0.000015258
0.0 0.000002890
0.0 0.000110374
0.0 0.000062792
0.0 0.000025111
0.0 0.000020913
0.0 0.000179253
0.0 0.000031142
0.0 0.000059246
0.0 0.000194883
0.0 0.000052409
0.0 0.000061163
0.0 0.000011586
0.0 0.000028373
0.0 0.000068727
0.0 0.000027484
0.0 0.000022889
0.0 0.000196194
0.0 0.000034086
0.0 0.000064845
0.0 0.000213302
0.0 0.000057362
0.0 0.000066944
0.0 0.000012681
0.0 0.000031055
0.0 0.000015636
0.0 0.000013022
0.0 0.000111615
0.0 0.000019392
0.0 0.000036891
0.0 0.000121348
0.0 0.000032633
0.0 0.000038085
0.0 0.000007214
0.0 0.000017667
0.0 0.000005208
0.0 0.000044636
0.0 0.000007755
0.0 0.000014753
0.0 0.000048528
0.0 0.000013050
0.0 0.000015230
0.0 0.000002885
0.0 0.000007065
0.0 0.000037173
0.0 0.000006458
0.0 0.000012286
0.0 0.000040415
0.0 0.000010869
0.0 0.000012684
0.0 0.000002403
0.0 0.000005884
0.0 0.000055357
0.0 0.000105311
0.0 0.000346411
0.0 0.000093158
0.0 0.000108720
0.0 0.000020594
0.0 0.000050434
0.0 0.000018296
0.0 0.000060184
0.0 0.000016185
0.0 0.000018889
0.0 0.000003578
0.0 0.000008762
0.0 0.000114494
0.0 0.000030790
0.0 0.000035934
0.0 0.000006807
0.0 0.000016669
0.0 0.000101282
0.0 0.000118200
0.0 0.000022390
0.0 0.000054832
0.0 0.000031787
0.0 0.000006021
0.0 0.000014746
0.0 0.000007027
0.0 0.000017209
0.0 0.000003260
0.0 0.000073851
0.0 0.000029533
0.0 0.000024596
0.0 0.000210821
0.0 0.000036627
0.0 0.000069680
0.0 0.000229204
0.0 0.000061639
0.0 0.000071935
0.0 0.000013626
0.0 0.000033370
0.0 0.000016802
0.0 0.000013993
0.0 0.000119937
0.0 0.000020837
0.0 0.000039641
0.0 0.000130395
0.0 0.000035066
0.0 0.000040924
0.0 0.000007752
0.0 0.000018984
0.0 0.000005596
0.0 0.000047964
0.0 0.000008333
0.0 0.000015853
0.0 0.000052146
0.0 0.000014023
0.0 0.000016366
0.0 0.000003100
0.0 0.000007592
0.0 0.000039945
0.0 0.000006940
0.0 0.000013202
0.0 0.000043428
0.0 0.000011679
0.0 0.000013630
0.0 0.000002582
0.0 0.000006323
0.0 0.000059484
0.0 0.000113163
0.0 0.000372236
0.0 0.000100104
0.0 0.000116825
0.0 0.000022129
0.0 0.000054194
0.0 0.000019660
0.0 0.000064671
0.0 0.000017392
0.0 0.000020297
0.0 0.000003845
0.0 0.000009415
0.0 0.000123030
0.0 0.000033086
0.0 0.000038613
0.0 0.000007314
0.0 0.000017912
0.0 0.000108832
0.0 0.000127012
0.0 0.000024059
0.0 0.000058920
0.0 0.000034157
0.0 0.000006470
0.0 0.000015845
0.0 0.000007551
0.0 0.000018492
0.0 0.000003503
0.0 0.000018390
0.0 0.000015315
0.0 0.000131272
0.0 0.000022807
0.0 0.000043388
0.0 0.000142719
0.0 0.000038381
0.0 0.000044792
0.0 0.000008485
0.0 0.000020779
0.0 0.000006125
0.0 0.000052497
0.0 0.000009121
0.0 0.000017351
0.0 0.000057074
0.0 0.000015349
0.0 0.000017913
0.0 0.000003393
0.0 0.000008310
0.0 0.000043720
0.0 0.000007596
0.0 0.000014450
0.0 0.000047532
0.0 0.000012783
0.0 0.000014918
0.0 0.000002826
0.0 0.000006920
0.0 0.000065106
0.0 0.000123858
0.0 0.000407417
0.0 0.000109565
0.0 0.000127867
0.0 0.000024221
0.0 0.000059316
0.0 0.000021518
0.0 0.000070783
0.0 0.000019035
0.0 0.000022215
0.0 0.000004208
0.0 0.000010305
0.0 0.000134658
0.0 0.000036213
0.0 0.000042262
0.0 0.000008005
0.0 0.000019605
0.0 0.000119118
0.0 0.000139017
0.0 0.000026333
0.0 0.000064489
0.0 0.000037385
0.0 0.000007082
0.0 0.000017343
0.0 0.000008265
0.0 0.000020240
0.0 0.000003834
0.0 0.000003484
0.0 0.000029865
0.0 0.000005189
0.0 0.000009871
0.0 0.000032470
0.0 0.000008732
0.0 0.000010191
0.0 0.000001930
0.0 0.000004727
0.0 0.000024872
0.0 0.000004321
0.0 0.000008221
0.0 0.000027041
0.0 0.000007272
0.0 0.000008487
0.0 0.000001608
0.0 0.000003937
0.0 0.000037039
0.0 0.000070463
0.0 0.000231781
0.0 0.000062332
0.0 0.000072744
0.0 0.000013779
0.0 0.000033745
0.0 0.000012242
0.0 0.000040269
0.0 0.000010829
0.0 0.000012638
0.0 0.000002394
0.0 0.000005863
0.0 0.000076607
0.0 0.000020602
0.0 0.000024043
0.0 0.000004554
0.0 0.000011153
0.0 0.000067767
0.0 0.000079087
0.0 0.000014981
0.0 0.000036688
0.0 0.000021268
0.0 0.000004029
0.0 0.000009866
0.0 0.000004702
0.0 0.000011514
0.0 0.000002181
0.0 0.000009947
0.0 0.000001728
0.0 0.000003288
0.0 0.000010814
0.0 0.000002908
0.0 0.000003394
0.0 0.000000643
0.0 0.000001574
0.0 0.000014812
0.0 0.000028179
0.0 0.000092691
0.0 0.000024927
0.0 0.000029091
0.0 0.000005510
0.0 0.000013495
0.0 0.000004896
0.0 0.000016104
0.0 0.000004331
0.0 0.000005054
0.0 0.000000957
0.0 0.000002345
0.0 0.000030636
0.0 0.000008239
0.0 0.000009615
0.0 0.000001821
0.0 0.000004460
0.0 0.000027100
0.0 0.000031627
0.0 0.000005991
0.0 0.000014672
0.0 0.000008505
0.0 0.000001611
0.0 0.000003946
0.0 0.000001880
0.0 0.000004605
0.0 0.000000872
0.0 0.000012336
0.0 0.000023468
0.0 0.000077194
0.0 0.000020759
0.0 0.000024227
0.0 0.000004589
0.0 0.000011239
0.0 0.000004077
0.0 0.000013411
0.0 0.000003607
0.0 0.000004209
0.0 0.000000797
0.0 0.000001953
0.0 0.000025514
0.0 0.000006861
0.0 0.000008007
0.0 0.000001517
0.0 0.000003715
0.0 0.000022570
0.0 0.000026340
0.0 0.000004989
0.0 0.000012219
0.0 0.000007083
0.0 0.000001342
0.0 0.000003286
0.0 0.000001566
0.0 0.000003835
0.0 0.000000726
0.0 0.000034947
0.0 0.000114954
0.0 0.000030914
0.0 0.000036078
0.0 0.000006834
0.0 0.000016736
0.0 0.000218690
0.0 0.000058811
0.0 0.000068635
0.0 0.000013001
0.0 0.000031839
0.0 0.000193453
0.0 0.000225768
0.0 0.000042766
0.0 0.000104732
0.0 0.000060715
0.0 0.000011501
0.0 0.000028165
0.0 0.000013422
0.0 0.000032870
0.0 0.000006226
0.0 0.000037994
0.0 0.000010218
0.0 0.000011924
0.0 0.000002259
0.0 0.000005532
0.0 0.000033610
0.0 0.000039224
0.0 0.000007430
0.0 0.000018196
0.0 0.000010548
0.0 0.000001998
0.0 0.000004893
0.0 0.000002332
0.0 0.000005711
0.0 0.000001082
0.0 0.000063939
0.0 0.000074620
0.0 0.000014135
0.0 0.000034616
0.0 0.000020067
0.0 0.000003801
0.0 0.000009309
0.0 0.000004436
0.0 0.000010864
0.0 0.000002058
0.0 0.000066009
0.0 0.000012504
0.0 0.000030621
0.0 0.000014592
0.0 0.000035736
0.0 0.000006769
0.0 0.000003924
0.0 0.000009610
0.0 0.000001820
0.0 0.000002125
0.0 0.000067530
0.0 0.000038418
0.0 0.000015364
0.0 0.000012795
0.0 0.000109671
0.0 0.000019054
0.0 0.000036248
0.0 0.000119234
0.0 0.000032065
0.0 0.000037421
0.0 0.000007088
0.0 0.000017359
0.0 0.000042049
0.0 0.000016816
0.0 0.000014004
0.0 0.000120036
0.0 0.000020855
0.0 0.000039674
0.0 0.000130503
0.0 0.000035096
0.0 0.000040958
0.0 0.000007758
0.0 0.000019000
0.0 0.000009566
0.0 0.000007967
0.0 0.000068289
0.0 0.000011864
0.0 0.000022571
0.0 0.000074244
0.0 0.000019966
0.0 0.000023301
0.0 0.000004414
0.0 0.000010809
0.0 0.000003186
0.0 0.000027309
0.0 0.000004745
0.0 0.000009026
0.0 0.000029691
0.0 0.000007985
0.0 0.000009318
0.0 0.000001765
0.0 0.000004323
0.0 0.000022744
0.0 0.000003951
0.0 0.000007517
0.0 0.000024727
0.0 0.000006650
0.0 0.000007760
0.0 0.000001470
0.0 0.000003600
0.0 0.000033869
0.0 0.000064432
0.0 0.000211942
0.0 0.000056997
0.0 0.000066518
0.0 0.000012600
0.0 0.000030857
0.0 0.000011194
0.0 0.000036822
0.0 0.000009902
0.0 0.000011556
0.0 0.000002189
0.0 0.000005361
0.0 0.000070050
0.0 0.000018838
0.0 0.000021985
0.0 0.000004164
0.0 0.000010199
0.0 0.000061966
0.0 0.000072318
0.0 0.000013699
0.0 0.000033548
0.0 0.000019448
0.0 0.000003684
0.0 0.000009022
0.0 0.000004299
0.0 0.000010529
0.0 0.000001994
0.0 0.000045184
0.0 0.000018069
0.0 0.000015048
0.0 0.000128985
0.0 0.000022409
0.0 0.000042632
0.0 0.000140232
0.0 0.000037712
0.0 0.000044012
0.0 0.000008337
0.0 0.000020417
0.0 0.000010280
0.0 0.000008561
0.0 0.000073380
0.0 0.000012749
0.0 0.000024253
0.0 0.000079779
0.0 0.000021454
0.0 0.000025038
0.0 0.000004743
0.0 0.000011615
0.0 0.000003424
0.0 0.000029345
0.0 0.000005098
0.0 0.000009699
0.0 0.000031904
0.0 0.000008580
0.0 0.000010013
0.0 0.000001897
0.0 0.000004645
0.0 0.000024439
0.0 0.000004246
0.0 0.000008078
0.0 0.000026570
0.0 0.000007145
0.0 0.000008339
0.0 0.000001580
0.0 0.000003868
0.0 0.000036394
0.0 0.000069236
0.0 0.000227743
0.0 0.000061246
0.0 0.000071477
0.0 0.000013539
0.0 0.000033157
0.0 0.000012029
0.0 0.000039567
0.0 0.000010641
0.0 0.000012418
0.0 0.000002352
0.0 0.000005761
0.0 0.000075273
0.0 0.000020243
0.0 0.000023624
0.0 0.000004475
0.0 0.000010959
0.0 0.000066586
0.0 0.000077709
0.0 0.000014720
0.0 0.000036049
0.0 0.000020898
0.0 0.000003959
0.0 0.000009694
0.0 0.000004620
0.0 0.000011314
0.0 0.000002143
0.0 0.000011251
0.0 0.000009370
0.0 0.000080315
0.0 0.000013954
0.0 0.000026546
0.0 0.000087319
0.0 0.000023482
0.0 0.000027405
0.0 0.000005191
0.0 0.000012713
0.0 0.000003747
0.0 0.000032119
0.0 0.000005580
0.0 0.000010616
0.0 0.000034919
0.0 0.000009391
0.0 0.000010959
0.0 0.000002076
0.0 0.000005084
0.0 0.000026749
0.0 0.000004647
0.0 0.000008841
0.0 0.000029081
0.0 0.000007821
0.0 0.000009127
0.0 0.000001729
0.0 0.000004234
0.0 0.000039833
0.0 0.000075779
0.0 0.000249268
0.0 0.000067034
0.0 0.000078232
0.0 0.000014819
0.0 0.000036291
0.0 0.000013166
0.0 0.000043307
0.0 0.000011646
0.0 0.000013592
0.0 0.000002575
0.0 0.000006305
0.0 0.000082387
0.0 0.000022156
0.0 0.000025857
0.0 0.000004898
0.0 0.000011995
0.0 0.000072879
0.0 0.000085054
0.0 0.000016111
0.0 0.000039456
0.0 0.000022873
0.0 0.000004333
0.0 0.000010611
0.0 0.000005056
0.0 0.000012383
0.0 0.000002346
0.0 0.000002132
0.0 0.000018272
0.0 0.000003175
0.0 0.000006039
0.0 0.000019866
0.0 0.000005342
0.0 0.000006235
0.0 0.000001181
0.0 0.000002892
0.0 0.000015218
0.0 0.000002644
0.0 0.000005030
0.0 0.000016544
0.0 0.000004449
0.0 0.000005192
0.0 0.000000984
0.0 0.000002409
0.0 0.000022661
0.0 0.000043111
0.0 0.000141809
0.0 0.000038136
0.0 0.000044506
0.0 0.000008431
0.0 0.000020646
0.0 0.000007490
0.0 0.000024637
0.0 0.000006626
0.0 0.000007732
0.0 0.000001465
0.0 0.000003587
0.0 0.000046870
0.0 0.000012605
0.0 0.000014710
0.0 0.000002786
0.0 0.000006824
0.0 0.000041461
0.0 0.000048387
0.0 0.000009166
0.0 0.000022446
0.0 0.000013013
0.0 0.000002465
0.0 0.000006036
0.0 0.000002877
0.0 0.000007045
0.0 0.000001334
0.0 0.000006086
0.0 0.000001057
0.0 0.000002011
0.0 0.000006616
0.0 0.000001779
0.0 0.000002076
0.0 0.000000393
0.0 0.000000963
0.0 0.000009062
0.0 0.000017240
0.0 0.000056711
0.0 0.000015251
0.0 0.000017798
0.0 0.000003371
0.0 0.000008257
0.0 0.000002995
0.0 0.000009853
0.0 0.000002650
0.0 0.000003092
0.0 0.000000586
0.0 0.000001434
0.0 0.000018744
0.0 0.000005041
0.0 0.000005883
0.0 0.000001114
0.0 0.000002729
0.0 0.000016581
0.0 0.000019350
0.0 0.000003665
0.0 0.000008977
0.0 0.000005204
0.0 0.000000986
0.0 0.000002414
0.0 0.000001150
0.0 0.000002817
0.0 0.000000534
0.0 0.000007547
0.0 0.000014358
0.0 0.000047229
0.0 0.000012701
0.0 0.000014823
0.0 0.000002808
0.0 0.000006876
0.0 0.000002495
0.0 0.000008205
0.0 0.000002207
0.0 0.000002575
0.0 0.000000488
0.0 0.000001195
0.0 0.000015610
0.0 0.000004198
0.0 0.000004899
0.0 0.000000928
0.0 0.000002273
0.0 0.000013809
0.0 0.000016115
0.0 0.000003053
0.0 0.000007476
0.0 0.000004334
0.0 0.000000821
0.0 0.000002010
0.0 0.000000958
0.0 0.000002346
0.0 0.000000444
0.0 0.000021381
0.0 0.000070332
0.0 0.000018914
0.0 0.000022073
0.0 0.000004181
0.0 0.000010240
0.0 0.000133800
0.0 0.000035982
0.0 0.000041993
0.0 0.000007954
0.0 0.000019480
0.0 0.000118359
0.0 0.000138131
0.0 0.000026165
0.0 0.000064078
0.0 0.000037147
0.0 0.000007036
0.0 0.000017232
0.0 0.000008212
0.0 0.000020111
0.0 0.000003809
0.0 0.000023246
0.0 0.000006251
0.0 0.000007296
0.0 0.000001382
0.0 0.000003384
0.0 0.000020563
0.0 0.000023998
0.0 0.000004546
0.0 0.000011133
0.0 0.000006454
0.0 0.000001222
0.0 0.000002994
0.0 0.000001427
0.0 0.000003494
0.0 0.000000662
0.0 0.000039120
0.0 0.000045654
0.0 0.000008648
0.0 0.000021179
0.0 0.000012278
0.0 0.000002326
0.0 0.000005695
0.0 0.000002714
0.0 0.000006647
0.0 0.000001259
0.0 0.000040386
0.0 0.000007650
0.0 0.000018735
0.0 0.000008928
0.0 0.000021864
0.0 0.000004142
0.0 0.000002401
0.0 0.000005880
0.0 0.000001114
0.0 0.000001300
0.0 0.000050959
0.0 0.000020379
0.0 0.000016972
0.0 0.000145473
0.0 0.000025274
0.0 0.000048081
0.0 0.000158158
0.0 0.000042533
0.0 0.000049637
0.0 0.000009403
0.0 0.000023026
0.0 0.000011594
0.0 0.000009655
0.0 0.000082760
0.0 0.000014378
0.0 0.000027354
0.0 0.000089977
0.0 0.000024197
0.0 0.000028239
0.0 0.000005349
0.0 0.000013100
0.0 0.000003861
0.0 0.000033096
0.0 0.000005750
0.0 0.000010939
0.0 0.000035982
0.0 0.000009677
0.0 0.000011293
0.0 0.000002139
0.0 0.000005239
0.0 0.000027563
0.0 0.000004789
0.0 0.000009110
0.0 0.000029967
0.0 0.000008059
0.0 0.000009405
0.0 0.000001782
0.0 0.000004363
0.0 0.000041046
0.0 0.000078086
0.0 0.000256855
0.0 0.000069075
0.0 0.000080613
0.0 0.000015270
0.0 0.000037396
0.0 0.000013566
0.0 0.000044625
0.0 0.000012001
0.0 0.000014005
0.0 0.000002653
0.0 0.000006497
0.0 0.000084895
0.0 0.000022830
0.0 0.000026644
0.0 0.000005047
0.0 0.000012360
0.0 0.000075098
0.0 0.000087643
0.0 0.000016602
0.0 0.000040657
0.0 0.000023569
0.0 0.000004465
0.0 0.000010934
0.0 0.000005210
0.0 0.000012760
0.0 0.000002417
0.0 0.000012689
0.0 0.000010568
0.0 0.000090582
0.0 0.000015737
0.0 0.000029939
0.0 0.000098480
0.0 0.000026484
0.0 0.000030908
0.0 0.000005855
0.0 0.000014338
0.0 0.000004226
0.0 0.000036224
0.0 0.000006293
0.0 0.000011973
0.0 0.000039383
0.0 0.000010591
0.0 0.000012360
0.0 0.000002341
0.0 0.000005734
0.0 0.000030168
0.0 0.000005241
0.0 0.000009971
0.0 0.000032799
0.0 0.000008820
0.0 0.000010294
0.0 0.000001950
0.0 0.000004775
0.0 0.000044925
0.0 0.000085466
0.0 0.000281131
0.0 0.000075603
0.0 0.000088232
0.0 0.000016713
0.0 0.000040930
0.0 0.000014848
0.0 0.000048842
0.0 0.000013135
0.0 0.000015329
0.0 0.000002904
0.0 0.000007111
0.0 0.000092918
0.0 0.000024988
0.0 0.000029162
0.0 0.000005524
0.0 0.000013528
0.0 0.000082195
0.0 0.000095926
0.0 0.000018171
0.0 0.000044499
0.0 0.000025797
0.0 0.000004887
0.0 0.000011967
0.0 0.000005703
0.0 0.000013966
0.0 0.000002645
0.0 0.000002404
0.0 0.000020608
0.0 0.000003580
0.0 0.000006811
0.0 0.000022405
0.0 0.000006025
0.0 0.000007032
0.0 0.000001332
0.0 0.000003262
0.0 0.000017163
0.0 0.000002982
0.0 0.000005673
0.0 0.000018659
0.0 0.000005018
0.0 0.000005856
0.0 0.000001109
0.0 0.000002717
0.0 0.000025558
0.0 0.000048622
0.0 0.000159936
0.0 0.000043011
0.0 0.000050196
0.0 0.000009508
0.0 0.000023285
0.0 0.000008447
0.0 0.000027787
0.0 0.000007472
0.0 0.000008721
0.0 0.000001652
0.0 0.000004045
0.0 0.000052862
0.0 0.000014216
0.0 0.000016590
0.0 0.000003143
0.0 0.000007696
0.0 0.000046761
0.0 0.000054572
0.0 0.000010337
0.0 0.000025316
0.0 0.000014676
0.0 0.000002780
0.0 0.000006808
0.0 0.000003244
0.0 0.000007945
0.0 0.000001505
0.0 0.000006864
0.0 0.000001192
0.0 0.000002269
0.0 0.000007462
0.0 0.000002007
0.0 0.000002342
0.0 0.000000444
0.0 0.000001086
0.0 0.000010221
0.0 0.000019444
0.0 0.000063960
0.0 0.000017200
0.0 0.000020074
0.0 0.000003802
0.0 0.000009312
0.0 0.000003378
0.0 0.000011112
0.0 0.000002988
0.0 0.000003487
0.0 0.000000661
0.0 0.000001618
0.0 0.000021140
0.0 0.000005685
0.0 0.000006635
0.0 0.000001257
0.0 0.000003078
0.0 0.000018700
0.0 0.000021824
0.0 0.000004134
0.0 0.000010124
0.0 0.000005869
0.0 0.000001112
0.0 0.000002723
0.0 0.000001297
0.0 0.000003177
0.0 0.000000602
0.0 0.000008512
0.0 0.000016193
0.0 0.000053267
0.0 0.000014325
0.0 0.000016718
0.0 0.000003167
0.0 0.000007755
0.0 0.000002813
0.0 0.000009254
0.0 0.000002489
0.0 0.000002904
0.0 0.000000550
0.0 0.000001347
0.0 0.000017605
0.0 0.000004735
0.0 0.000005525
0.0 0.000001047
0.0 0.000002563
0.0 0.000015574
0.0 0.000018175
0.0 0.000003443
0.0 0.000008431
0.0 0.000004888
0.0 0.000000926
0.0 0.000002267
0.0 0.000001081
0.0 0.000002646
0.0 0.000000501
0.0 0.000024114
0.0 0.000079322
0.0 0.000021332
0.0 0.000024895
0.0 0.000004716
0.0 0.000011549
0.0 0.000150903
0.0 0.000040582
0.0 0.000047361
0.0 0.000008971
0.0 0.000021970
0.0 0.000133489
0.0 0.000155788
0.0 0.000029510
0.0 0.000072269
0.0 0.000041895
0.0 0.000007936
0.0 0.000019435
0.0 0.000009262
0.0 0.000022681
0.0 0.000004296
0.0 0.000026217
0.0 0.000007050
0.0 0.000008228
0.0 0.000001559
0.0 0.000003817
0.0 0.000023192
0.0 0.000027066
0.0 0.000005127
0.0 0.000012556
0.0 0.000007279
0.0 0.000001379
0.0 0.000003377
0.0 0.000001609
0.0 0.000003941
0.0 0.000000746
0.0 0.000044120
0.0 0.000051490
0.0 0.000009753
0.0 0.000023886
0.0 0.000013847
0.0 0.000002623
0.0 0.000006424
0.0 0.000003061
0.0 0.000007497
0.0 0.000001420
0.0 0.000045548
0.0 0.000008628
0.0 0.000021129
0.0 0.000010069
0.0 0.000024659
0.0 0.000004671
0.0 0.000002708
0.0 0.000006631
0.0 0.000001256
0.0 0.000001466
0.0 0.000013635
0.0 0.000011356
0.0 0.000097335
0.0 0.000016911
0.0 0.000032171
0.0 0.000105822
0.0 0.000028458
0.0 0.000033212
0.0 0.000006291
0.0 0.000015407
0.0 0.000004541
0.0 0.000038925
0.0 0.000006763
0.0 0.000012865
0.0 0.000042319
0.0 0.000011381
0.0 0.000013282
0.0 0.000002516
0.0 0.000006161
0.0 0.000032417
0.0 0.000005632
0.0 0.000010714
0.0 0.000035244
0.0 0.000009478
0.0 0.000011061
0.0 0.000002095
0.0 0.000005131
0.0 0.000048274
0.0 0.000091838
0.0 0.000302090
0.0 0.000081239
0.0 0.000094810
0.0 0.000017959
0.0 0.000043982
0.0 0.000015955
0.0 0.000052484
0.0 0.000014114
0.0 0.000016472
0.0 0.000003120
0.0 0.000007641
0.0 0.000099846
0.0 0.000026851
0.0 0.000031336
0.0 0.000005936
0.0 0.000014537
0.0 0.000088323
0.0 0.000103077
0.0 0.000019525
0.0 0.000047817
0.0 0.000027720
0.0 0.000005251
0.0 0.000012859
0.0 0.000006128
0.0 0.000015007
0.0 0.000002843
0.0 0.000002584
0.0 0.000022145
0.0 0.000003847
0.0 0.000007319
0.0 0.000024075
0.0 0.000006474
0.0 0.000007556
0.0 0.000001431
0.0 0.000003505
0.0 0.000018442
0.0 0.000003204
0.0 0.000006095
0.0 0.000020050
0.0 0.000005392
0.0 0.000006293
0.0 0.000001192
0.0 0.000002919
0.0 0.000027463
0.0 0.000052247
0.0 0.000171860
0.0 0.000046217
0.0 0.000053938
0.0 0.000010217
0.0 0.000025021
0.0 0.000009077
0.0 0.000029858
0.0 0.000008030
0.0 0.000009371
0.0 0.000001775
0.0 0.000004347
0.0 0.000056802
0.0 0.000015276
0.0 0.000017827
0.0 0.000003377
0.0 0.000008270
0.0 0.000050247
0.0 0.000058641
0.0 0.000011108
0.0 0.000027203
0.0 0.000015770
0.0 0.000002987
0.0 0.000007316
0.0 0.000003486
0.0 0.000008538
0.0 0.000001617
0.0 0.000007375
0.0 0.000001281
0.0 0.000002438
0.0 0.000008018
0.0 0.000002156
0.0 0.000002517
0.0 0.000000477
0.0 0.000001167
0.0 0.000010983
0.0 0.000020894
0.0 0.000068728
0.0 0.000018483
0.0 0.000021570
0.0 0.000004086
0.0 0.000010006
0.0 0.000003630
0.0 0.000011940
0.0 0.000003211
0.0 0.000003747
0.0 0.000000710
0.0 0.000001738
0.0 0.000022716
0.0 0.000006109
0.0 0.000007129
0.0 0.000001350
0.0 0.000003307
0.0 0.000020094
0.0 0.000023451
0.0 0.000004442
0.0 0.000010879
0.0 0.000006307
0.0 0.000001195
0.0 0.000002926
0.0 0.000001394
0.0 0.000003414
0.0 0.000000647
0.0 0.000009147
0.0 0.000017401
0.0 0.000057238
0.0 0.000015393
0.0 0.000017964
0.0 0.000003403
0.0 0.000008333
0.0 0.000003023
0.0 0.000009944
0.0 0.000002674
0.0 0.000003121
0.0 0.000000591
0.0 0.000001448
0.0 0.000018918
0.0 0.000005088
0.0 0.000005937
0.0 0.000001125
0.0 0.000002754
0.0 0.000016735
0.0 0.000019530
0.0 0.000003700
0.0 0.000009060
0.0 0.000005252
0.0 0.000000995
0.0 0.000002436
0.0 0.000001161
0.0 0.000002843
0.0 0.000000539
0.0 0.000025912
0.0 0.000085236
0.0 0.000022922
0.0 0.000026751
0.0 0.000005067
0.0 0.000012410
0.0 0.000162153
0.0 0.000043607
0.0 0.000050891
0.0 0.000009640
0.0 0.000023608
0.0 0.000143441
0.0 0.000167402
0.0 0.000031710
0.0 0.000077656
0.0 0.000045018
0.0 0.000008528
0.0 0.000020884
0.0 0.000009952
0.0 0.000024372
0.0 0.000004617
0.0 0.000028172
0.0 0.000007576
0.0 0.000008842
0.0 0.000001675
0.0 0.000004102
0.0 0.000024921
0.0 0.000029084
0.0 0.000005509
0.0 0.000013492
0.0 0.000007821
0.0 0.000001482
0.0 0.000003628
0.0 0.000001729
0.0 0.000004234
0.0 0.000000802
0.0 0.000047409
0.0 0.000055329
0.0 0.000010481
0.0 0.000025667
0.0 0.000014879
0.0 0.000002818
0.0 0.000006902
0.0 0.000003289
0.0 0.000008055
0.0 0.000001526
0.0 0.000048944
0.0 0.000009271
0.0 0.000022705
0.0 0.000010820
0.0 0.000026497
0.0 0.000005019
0.0 0.000002910
0.0 0.000007126
0.0 0.000001350
0.0 0.000001575
0.0 0.000002828
0.0 0.000024237
0.0 0.000004211
0.0 0.000008011
0.0 0.000026351
0.0 0.000007086
0.0 0.000008270
0.0 0.000001567
0.0 0.000003836
0.0 0.000020185
0.0 0.000003507
0.0 0.000006672
0.0 0.000021945
0.0 0.000005902
0.0 0.000006888
0.0 0.000001305
0.0 0.000003195
0.0 0.000030059
0.0 0.000057185
0.0 0.000188103
0.0 0.000050585
0.0 0.000059036
0.0 0.000011183
0.0 0.000027386
0.0 0.000009935
0.0 0.000032680
0.0 0.000008788
0.0 0.000010257
0.0 0.000001943
0.0 0.000004758
0.0 0.000062171
0.0 0.000016719
0.0 0.000019512
0.0 0.000003696
0.0 0.000009052
0.0 0.000054996
0.0 0.000064183
0.0 0.000012158
0.0 0.000029774
0.0 0.000017260
0.0 0.000003270
0.0 0.000008007
0.0 0.000003816
0.0 0.000009345
0.0 0.000001770
0.0 0.000008072
0.0 0.000001402
0.0 0.000002668
0.0 0.000008776
0.0 0.000002360
0.0 0.000002754
0.0 0.000000522
0.0 0.000001278
0.0 0.000012021
0.0 0.000022869
0.0 0.000075224
0.0 0.000020230
0.0 0.000023609
0.0 0.000004472
0.0 0.000010952
0.0 0.000003973
0.0 0.000013069
0.0 0.000003515
0.0 0.000004102
0.0 0.000000777
0.0 0.000001903
0.0 0.000024863
0.0 0.000006686
0.0 0.000007803
0.0 0.000001478
0.0 0.000003620
0.0 0.000021993
0.0 0.000025667
0.0 0.000004862
0.0 0.000011907
0.0 0.000006903
0.0 0.000001308
0.0 0.000003202
0.0 0.000001526
0.0 0.000003737
0.0 0.000000708
0.0 0.000010011
0.0 0.000019045
0.0 0.000062647
0.0 0.000016847
0.0 0.000019662
0.0 0.000003724
0.0 0.000009121
0.0 0.000003309
0.0 0.000010884
0.0 0.000002927
0.0 0.000003416
0.0 0.000000647
0.0 0.000001585
0.0 0.000020706
0.0 0.000005568
0.0 0.000006499
0.0 0.000001231
0.0 0.000003015
0.0 0.000018317
0.0 0.000021376
0.0 0.000004049
0.0 0.000009916
0.0 0.000005749
0.0 0.000001089
0.0 0.000002667
0.0 0.000001271
0.0 0.000003112
0.0 0.000000590
0.0 0.000028361
0.0 0.000093292
0.0 0.000025088
0.0 0.000029279
0.0 0.000005546
0.0 0.000013582
0.0 0.000177479
0.0 0.000047728
0.0 0.000055701
0.0 0.000010551
0.0 0.000025839
0.0 0.000156998
0.0 0.000183223
0.0 0.000034707
0.0 0.000084996
0.0 0.000049273
0.0 0.000009334
0.0 0.000022857
0.0 0.000010893
0.0 0.000026676
0.0 0.000005053
0.0 0.000030834
0.0 0.000008292
0.0 0.000009677
0.0 0.000001833
0.0 0.000004489
0.0 0.000027276
0.0 0.000031832
0.0 0.000006030
0.0 0.000014767
0.0 0.000008561
0.0 0.000001622
0.0 0.000003971
0.0 0.000001892
0.0 0.000004635
0.0 0.000000878
0.0 0.000051890
0.0 0.000060558
0.0 0.000011471
0.0 0.000028093
0.0 0.000016286
0.0 0.000003085
0.0 0.000007555
0.0 0.000003600
0.0 0.000008817
0.0 0.000001670
0.0 0.000053570
0.0 0.000010147
0.0 0.000024851
0.0 0.000011842
0.0 0.000029002
0.0 0.000005494
0.0 0.000003185
0.0 0.000007799
0.0 0.000001477
0.0 0.000001724
0.0 0.000004592
0.0 0.000000798
0.0 0.000001518
0.0 0.000004993
0.0 0.000001343
0.0 0.000001567
0.0 0.000000297
0.0 0.000000727
0.0 0.000006839
0.0 0.000013010
0.0 0.000042795
0.0 0.000011509
0.0 0.000013431
0.0 0.000002544
0.0 0.000006231
0.0 0.000002260
0.0 0.000007435
0.0 0.000001999
0.0 0.000002333
0.0 0.000000442
0.0 0.000001082
0.0 0.000014144
0.0 0.000003804
0.0 0.000004439
0.0 0.000000841
0.0 0.000002059
0.0 0.000012512
0.0 0.000014602
0.0 0.000002766
0.0 0.000006774
0.0 0.000003927
0.0 0.000000744
0.0 0.000001822
0.0 0.000000868
0.0 0.000002126
0.0 0.000000403
0.0 0.000005695
0.0 0.000010835
0.0 0.000035640
0.0 0.000009585
0.0 0.000011186
0.0 0.000002119
0.0 0.000005189
0.0 0.000001882
0.0 0.000006192
0.0 0.000001665
0.0 0.000001943
0.0 0.000000368
0.0 0.000000901
0.0 0.000011780
0.0 0.000003168
0.0 0.000003697
0.0 0.000000700
0.0 0.000001715
0.0 0.000010420
0.0 0.000012161
0.0 0.000002304
0.0 0.000005641
0.0 0.000003270
0.0 0.000000619
0.0 0.000001517
0.0 0.000000723
0.0 0.000001771
0.0 0.000000335
0.0 0.000016135
0.0 0.000053074
0.0 0.000014273
0.0 0.000016657
0.0 0.000003155
0.0 0.000007727
0.0 0.000100968
0.0 0.000027153
0.0 0.000031689
0.0 0.000006003
0.0 0.000014700
0.0 0.000089316
0.0 0.000104236
0.0 0.000019745
0.0 0.000048354
0.0 0.000028032
0.0 0.000005310
0.0 0.000013004
0.0 0.000006197
0.0 0.000015176
0.0 0.000002875
0.0 0.000017542
0.0 0.000004717
0.0 0.000005505
0.0 0.000001043
0.0 0.000002554
0.0 0.000015517
0.0 0.000018110
0.0 0.000003430
0.0 0.000008401
0.0 0.000004870
0.0 0.000000923
0.0 0.000002259
0.0 0.000001077
0.0 0.000002637
0.0 0.000000499
0.0 0.000029521
0.0 0.000034452
0.0 0.000006526
0.0 0.000015982
0.0 0.000009265
0.0 0.000001755
0.0 0.000004298
0.0 0.000002048
0.0 0.000005016
0.0 0.000000950
0.0 0.000030476
0.0 0.000005773
0.0 0.000014138
0.0 0.000006737
0.0 0.000016499
0.0 0.000003125
0.0 0.000001812
0.0 0.000004437
0.0 0.000000840
0.0 0.000000981
0.0 0.000002278
0.0 0.000004333
0.0 0.000014253
0.0 0.000003833
0.0 0.000004473
0.0 0.000000847
0.0 0.000002075
0.0 0.000000753
0.0 0.000002476
0.0 0.000000666
0.0 0.000000777
0.0 0.000000147
0.0 0.000000361
0.0 0.000004711
0.0 0.000001267
0.0 0.000001478
0.0 0.000000280
0.0 0.000000686
0.0 0.000004167
0.0 0.000004863
0.0 0.000000921
0.0 0.000002256
0.0 0.000001308
0.0 0.000000248
0.0 0.000000607
0.0 0.000000289
0.0 0.000000708
0.0 0.000000134
0.0 0.000006452
0.0 0.000021225
0.0 0.000005708
0.0 0.000006661
0.0 0.000001262
0.0 0.000003090
0.0 0.000040378
0.0 0.000010859
0.0 0.000012673
0.0 0.000002400
0.0 0.000005879
0.0 0.000035718
0.0 0.000041685
0.0 0.000007896
0.0 0.000019337
0.0 0.000011210
0.0 0.000002123
0.0 0.000005200
0.0 0.000002478
0.0 0.000006069
0.0 0.000001150
0.0 0.000007015
0.0 0.000001887
0.0 0.000002202
0.0 0.000000417
0.0 0.000001021
0.0 0.000006206
0.0 0.000007242
0.0 0.000001372
0.0 0.000003360
0.0 0.000001948
0.0 0.000000369
0.0 0.000000903
0.0 0.000000431
0.0 0.000001054
0.0 0.000000200
0.0 0.000011805
0.0 0.000013778
0.0 0.000002610
0.0 0.000006391
0.0 0.000003705
0.0 0.000000702
0.0 0.000001719
0.0 0.000000819
0.0 0.000002006
0.0 0.000000380
0.0 0.000012188
0.0 0.000002309
0.0 0.000005654
0.0 0.000002694
0.0 0.000006598
0.0 0.000001250
0.0 0.000000725
0.0 0.000001774
0.0 0.000000336
0.0 0.000000392
0.0 0.000005374
0.0 0.000017676
0.0 0.000004754
0.0 0.000005548
0.0 0.000001051
0.0 0.000002573
0.0 0.000033627
0.0 0.000009043
0.0 0.000010554
0.0 0.000001999
0.0 0.000004896
0.0 0.000029747
0.0 0.000034716
0.0 0.000006576
0.0 0.000016104
0.0 0.000009336
0.0 0.000001768
0.0 0.000004331
0.0 0.000002064
0.0 0.000005054
0.0 0.000000957
0.0 0.000005842
0.0 0.000001571
0.0 0.000001834
0.0 0.000000347
0.0 0.000000851
0.0 0.000005168
0.0 0.000006031
0.0 0.000001142
0.0 0.000002798
0.0 0.000001622
0.0 0.000000307
0.0 0.000000752
0.0 0.000000359
0.0 0.000000878
0.0 0.000000166
0.0 0.000009832
0.0 0.000011474
0.0 0.000002173
0.0 0.000005323
0.0 0.000003086
0.0 0.000000584
0.0 0.000001431
0.0 0.000000682
0.0 0.000001671
0.0 0.000000316
0.0 0.000010150
0.0 0.000001923
0.0 0.000004709
0.0 0.000002244
0.0 0.000005495
0.0 0.000001041
0.0 0.000000603
0.0 0.000001478
0.0 0.000000280
0.0 0.000000327
0.0 0.000050076
0.0 0.000013467
0.0 0.000015716
0.0 0.000002977
0.0 0.000007291
0.0 0.000044297
0.0 0.000051697
0.0 0.000009793
0.0 0.000023982
0.0 0.000013903
0.0 0.000002633
0.0 0.000006449
0.0 0.000003073
0.0 0.000007527
0.0 0.000001426
0.0 0.000084272
0.0 0.000098349
0.0 0.000018630
0.0 0.000045623
0.0 0.000026449
0.0 0.000005010
0.0 0.000012269
0.0 0.000005847
0.0 0.000014319
0.0 0.000002712
0.0 0.000087000
0.0 0.000016480
0.0 0.000040358
0.0 0.000019233
0.0 0.000047100
0.0 0.000008922
0.0 0.000005172
0.0 0.000012666
0.0 0.000002399
0.0 0.000002800
0.0 0.000014641
0.0 0.000017087
0.0 0.000003237
0.0 0.000007926
0.0 0.000004595
0.0 0.000000870
0.0 0.000002132
0.0 0.000001016
0.0 0.000002488
0.0 0.000000471
0.0 0.000015115
0.0 0.000002863
0.0 0.000007012
0.0 0.000003341
0.0 0.000008183
0.0 0.000001550
0.0 0.000000899
0.0 0.000002201
0.0 0.000000417
0.0 0.000000486
0.0 0.000028755
0.0 0.000005447
0.0 0.000013339
0.0 0.000006357
0.0 0.000015567
0.0 0.000002949
0.0 0.000001709
0.0 0.000004186
0.0 0.000000793
0.0 0.000000925
0.0 0.000005623
0.0 0.000013771
0.0 0.000002609
0.0 0.000003044
0.0 0.000000819
