0.0 0.000000000
0.0 0.000000000
0.0 0.000000000
0.393365494368 0.000000000
0.0 0.000000000
0.195361628 0.000000000
0.393365494368 0.000000000
0.0 0.000000000
0.393365494368 0.000000000
0.393365494368 0.000000000
0.0 0.000000000
0.195361628 0.000000000
0.393365494368 0.000000000
0.0 0.000000000
0.393365494368 0.000000000
0.393365494368 0.000000000
0.195361628 0.000000000
0.393365494368 0.000000000
0.588727122368 0.000000000
0.393365494368 0.000000000
0.0 0.000000000
0.195361628 0.000000000
0.0 0.000000000
0.11336650505687808 0.000000000
0.0 0.000000000
0.0 0.000000000
0.195361628 0.000000000
0.0 0.000000000
0.195361628 0.000000000
0.0 0.000000000
0.195361628 0.000000000
0.0 0.000000000
0.195361628 0.000000000
0.0 0.000000000
0.195361628 0.000000000
0.0 0.000000000
0.195361628 0.000000000
0.393365494368 0.000000000
0.0 0.000000000
0.393365494368 0.000000000
0.393365494368 0.000000000
0.195361628 0.000000000
0.393365494368 0.000000000
0.588727122368 0.000000000
0.393365494368 0.000000000
0.195361628 0.000000000
0.393365494368 0.000000000
0.588727122368 0.000000000
0.393365494368 0.000000000
0.588727122368 0.000000000
0.195361628 0.000000000
0.0 0.000000000
0.195361628 0.000000000
0.0 0.000000000
0.195361628 0.000000000
0.195361628 0.000000000
0.0 0.000000000
0.195361628 0.000000000
0.0 0.000000000
0.0 0.000000000
0.0 0.000000000
0.0 0.000000000
0.195361628 0.000000000
0.0 0.000000000
0.195361628 0.000000000
0.0 0.000000000
0.195361628 0.000000000
0.0 0.000000000
0.195361628 0.000000000
0.0 0.000000000
0.195361628 0.000000000
0.195361628 0.000000000
0.0 0.000000000
0.195361628 0.000000000
0.0 0.000000000
0.195361628 0.000000000
0.195361628 0.000000000
0.195361628 0.000000000
0.0 0.000000000
0.195361628 0.000000000
0.0 0.000000000
0.195361628 0.000000000
0.195361628 0.000000000
0.195361628 0.000000000
0.0 0.000000000
0.195361628 0.000000000
0.0 0.000000000
0.0 0.000000000
0.0 0.000000000
0.0 0.000000000
0.195361628 0.000000000
0.0 0.000000000
0.195361628 0.000000000
0.0 0.000000000
0.195361628 0.000000000
0.0 0.000000000
0.195361628 0.000000000
0.0 0.000000000
0.195361628 0.000000000
0.195361628 0.000000000
0.0 0.000000000
0.195361628 0.000000000
0.0 0.000000000
0.195361628 0.000000000
0.195361628 0.000000000
0.195361628 0.000000000
0.0 0.000000000
0.195361628 0.000000000
0.0 0.000000000
0.195361628 0.000000000
0.195361628 0.000000000
0.195361628 0.000000000
0.195361628 0.000000000
0.06621850898290173 0.000000000
0.195361628 0.000000000
0.0 0.000000000
0.195361628 0.000000000
0.195361628 0.000000000
0.195361628 0.000000000
0.195361628 0.000000000
0.0 0.000000000
0.0 0.000000000
0.393365494368 0.000000000
0.11336650505687808 0.000000000
0.393365494368 0.000000000
0.393365494368 0.000000000
0.0 0.000000000
0.393365494368 0.000000000
0.393365494368 0.000000000
0.393365494368 0.000000000
0.0 0.000000000
0.393365494368 0.000000000
0.393365494368 0.000000000
0.393365494368 0.000000000
0.393365494368 0.000000000
0.11336650505687808 0.000000000
0.0 0.000000000
0.0 0.000000000
0.11336650505687808 0.000000000
0.0 0.000000000
0.0 0.000000000
0.0 0.000000000
0.393365494368 0.000000000
0.393365494368 0.000000000
0.393365494368 0.000000000
0.393365494368 0.000000000
0.393365494368 0.000000000
0.0 0.000000000
0.0 0.000000000
7.359535499799202e-07 0.000000000
0.0 0.000000000
0.0 0.000000000
0.0 0.000000000
0.0 0.000000000
0.0 0.000000000
0.0 0.000000000
0.0 0.000000000
0.0 0.000000000
0.0 0.000000000
0.0 0.000000000
0.0 0.000000000
0.0 0.000000000
0.0 0.000000000
0.0 0.000000000
0.0 0.000000000
0.0 0.000000000
0.195361628 0.000000000
0.0 0.000000000
0.0 0.000000000
0.0 0.000000000
0.0 0.000000000
0.195361628 0.000000000
0.0 0.000000000
0.195361628 0.000000000
0.0 0.000000000
0.195361628 0.000000000
0.0 0.000000000
0.195361628 0.000000000
0.0 0.000000000
0.195361628 0.000000000
0.195361628 0.000000000
0.0 0.000000000
0.195361628 0.000000000
0.0 0.000000000
0.195361628 0.000000000
0.195361628 0.000000000
0.195361628 0.000000000
0.0 0.000000000
0.195361628 0.000000000
0.0 0.000000000
0.195361628 0.000000000
0.195361628 0.000000000
0.195361628 0.000000000
0.195361628 0.000000000
0.06621850898290173 0.000000000
0.195361628 0.000000000
0.0 0.000000000
0.195361628 0.000000000
0.195361628 0.000000000
0.195361628 0.000000000
0.195361628 0.000000000
0.195361628 0.000000000
0.06621850898290173 0.000000000
0.195361628 0.000000000
0.0 0.000000000
0.195361628 0.000000000
0.195361628 0.000000000
0.195361628 0.000000000
0.195361628 0.000000000
0.195361628 0.000000000
0.0 0.000000000
8.413059533128966e-07 0.000000000
0.0 0.000000000
0.0 0.000000000
0.0 0.000000000
0.0 0.000000000
0.0 0.000000000
0.0 0.000000000
0.0 0.000000000
0.0 0.000000000
0.0 0.000000000
0.195361628 0.000000000
0.393365494368 0.000000000
0.11336650505687808 0.000000000
0.393365494368 0.000000000
0.393365494368 0.000000000
0.195361628 0.000000000
0.393365494368 0.000000000
0.5887271223680002 0.000000000
0.39336549436799995 0.000000000
0.195361628 0.000000000
0.393365494368 0.000000000
0.5887271223680002 0.000000000
0.39336549436799995 0.000000000
0.5887271223680002 0.000000000
0.195361628 0.000000000
0.0 0.000000000
0.195361628 0.000000000
0.11336650505687808 0.000000000
0.195361628 0.000000000
0.195361628 0.000000000
0.19536162799999998 0.000000000
0.393365494368 0.000000000
0.5887271223680002 0.000000000
0.393365494368 0.000000000
0.5887271223680002 0.000000000
0.5887271223680002 0.000000000
0.19536162799999998 0.000000000
0.195361628 0.000000000
0.06621850898290173 0.000000000
0.195361628 0.000000000
0.0 0.000000000
0.195361628 0.000000000
0.195361628 0.000000000
0.195361628 0.000000000
0.19536162799999998 0.000000000
0.19536162799999998 0.000000000
0.06621850898290173 0.000000000
0.195361628 0.000000000
0.0 0.000000000
0.19536162799999998 0.000000000
0.195361628 0.000000000
0.19536162799999998 0.000000000
0.195361628 0.000000000
0.19536214167159865 0.000000000
0.11336650505687806 0.000000000
0.39336549436799995 0.000000000
0.39336549436799995 0.000000000
0.393365494368 0.000000000
0.39336549436799995 0.000000000
0.39336549436799995 0.000000000
0.11336650505687808 0.000000000
0.393365494368 0.000000000
0.0 0.000000000
0.0 0.000000000
0.19536162799999998 0.000000000
0.06621850898290173 0.000000000
0.195361628 0.000000000
0.0 0.000000000
0.195361628 0.000000000
0.195361628 0.000000000
0.19536162799999998 0.000000000
0.19536162799999998 0.000000000
0.19536162799999995 0.000000000
0.19536162800000018 0.000000000
0.0 0.000000000
0.0 0.000000000
0.195361628 0.000000000
0.3933654943680004 0.000000000
0.11336650505687847 0.000000000
0.3933654943680007 0.000000000
0.3933654943680004 0.000000000
0.195361628 0.000000000
0.3933654943680001 0.000000000
0.5887271223680002 0.000000000
0.3933654943680001 0.000000000
0.195361628 0.000000000
0.3933654943680001 0.000000000
0.5887271223680002 0.000000000
0.3933654943680002 0.000000000
0.5887271223680002 0.000000000
0.195361628 0.000000000
0.0 0.000000000
0.195361628 0.000000000
0.11336650505687816 0.000000000
0.195361628 0.000000000
0.195361628 0.000000000
0.195361628 0.000000000
0.3933654943680004 0.000000000
0.5887271223680004 0.000000000
0.3933654943680004 0.000000000
0.5887271223680004 0.000000000
0.5887271223680004 0.000000000
0.195361628 0.000000000
0.195361628 0.000000000
0.06621850898290173 0.000000000
0.195361628 0.000000000
0.0 0.000000000
0.195361628 0.000000000
0.195361628 0.000000000
0.195361628 0.000000000
0.195361628 0.000000000
0.195361628 0.000000000
0.06621850898290173 0.000000000
0.195361628 0.000000000
0.0 0.000000000
0.195361628 0.000000000
0.195361628 0.000000000
0.195361628 0.000000000
0.195361628 0.000000000
0.195361628 0.000000000
0.11336650505687827 0.000000000
0.3933654943680011 0.000000000
0.3933654943680004 0.000000000
0.3933654943680011 0.000000000
0.3933654943680001 0.000000000
0.3933654943680001 0.000000000
0.11336650505687827 0.000000000
0.3933654943680004 0.000000000
0.0 0.000000000
0.0 0.000000000
0.195361628 0.000000000
0.06621850898290173 0.000000000
0.195361628 0.000000000
0.0 0.000000000
0.195361628 0.000000000
0.195361628 0.000000000
0.195361628 0.000000000
0.195361628 0.000000000
0.195361628 0.000000000
0.195361628 0.000000000
0.0 0.000000000
0.19536162799999998 0.000000000
0.3933654943680007 0.000000000
0.5887271223680004 0.000000000
0.3933654943680007 0.000000000
0.5887271223680002 0.000000000
0.5887271223680002 0.000000000
0.19536162799999998 0.000000000
0.5887271223680004 0.000000000
0.19536162800000004 0.000000000
0.19536162800000015 0.000000000
0.3933654943680009 0.000000000
0.19536162800000012 0.000000000
0.0 0.000000000
0.13158738516000001 0.000000000
0.393365494368 0.000000000
0.11336650505687808 0.000000000
0.393365494368 0.000000000
0.393365494368 0.000000000
0.13158738516 0.000000000
0.393365494368 0.000000000
0.514489703728 0.000000000
0.393365494368 0.000000000
0.13158738516 0.000000000
0.39336549436800033 0.000000000
0.514489703728 0.000000000
0.393365494368 0.000000000
0.514489703728 0.000000000
0.13158738516 0.000000000
0.0 0.000000000
0.13158738516 0.000000000
0.11336655837528783 0.000000000
0.13158738516 0.000000000
0.13158738516 0.000000000
0.13158738516 0.000000000
0.3933654943680003 0.000000000
0.5144897037280001 0.000000000
0.3933654943680003 0.000000000
0.514489703728 0.000000000
0.5144897037280001 0.000000000
0.13158738516 0.000000000
0.13158738516 0.000000000
0.04460200570325923 0.000000000
0.13158738516000001 0.000000000
0.0 0.000000000
0.13158738516 0.000000000
0.13158738516 0.000000000
0.13158738516 0.000000000
0.13158738516 0.000000000
0.13158738516 0.000000000
0.04460200570325923 0.000000000
0.13158738516 0.000000000
0.0 0.000000000
0.13158738516 0.000000000
0.13158738516 0.000000000
0.13158738516 0.000000000
0.13158738516 0.000000000
0.13158738515999996 0.000000000
0.11336650505687808 0.000000000
0.393365494368 0.000000000
0.393365494368 0.000000000
0.393365494368 0.000000000
0.393365494368 0.000000000
0.39336549436800017 0.000000000
0.11336650505687808 0.000000000
0.3933654943680003 0.000000000
0.0 0.000000000
0.0 0.000000000
0.13158738516 0.000000000
0.044602005703259236 0.000000000
0.13158738516 0.000000000
0.0 0.000000000
0.13158738516 0.000000000
0.13158738516000001 0.000000000
0.13158738516 0.000000000
0.13158738516 0.000000000
0.13158738516 0.000000000
0.13158738516000001 0.000000000
0.0 0.000000000
0.11336650505687804 0.000000000
0.39336549436799995 0.000000000
0.39336549436799995 0.000000000
0.3933654943680001 0.000000000
0.39336549436799995 0.000000000
0.39336549436799995 0.000000000
0.11336650505687806 0.000000000
0.393365494368 0.000000000
0.0 0.000000000
0.0 0.000000000
0.39336549436800033 0.000000000
0.0 0.000000000
0.12112420936000005 0.000000000
0.3933654943680007 0.000000000
0.5144897037280007 0.000000000
0.393365494368001 0.000000000
0.5144897037280004 0.000000000
0.5144897037280003 0.000000000
0.12112420936000029 0.000000000
0.5144897037280008 0.000000000
0.12112420936000023 0.000000000
0.1211242093600002 0.000000000
0.3933654943680009 0.000000000
0.12112420936000089 0.000000000
0.3933654943680007 0.000000000
0.0 0.000000000
0.195361628 0.000000000
0.393365494368 0.000000000
0.11336650505687808 0.000000000
0.393365494368 0.000000000
0.393365494368 0.000000000
0.19536162799999998 0.000000000
0.393365494368 0.000000000
0.5887271223680001 0.000000000
0.393365494368 0.000000000
0.19536162799999998 0.000000000
0.393365494368 0.000000000
0.5887271223680001 0.000000000
0.393365494368 0.000000000
0.588727122368 0.000000000
0.195361628 0.000000000
0.0 0.000000000
0.195361628 0.000000000
0.11336650505687806 0.000000000
0.19536162799999998 0.000000000
0.19536162799999998 0.000000000
0.19536162799999998 0.000000000
0.393365494368 0.000000000
0.5887271223680001 0.000000000
0.393365494368 0.000000000
0.588727122368 0.000000000
0.588727122368 0.000000000
0.19536162799999998 0.000000000
0.19536162799999998 0.000000000
0.06621850898290173 0.000000000
0.195361628 0.000000000
0.0 0.000000000
0.19536162799999998 0.000000000
0.19536162799999998 0.000000000
0.195361628 0.000000000
0.19536162799999998 0.000000000
0.195361628 0.000000000
0.06621850898290173 0.000000000
0.195361628 0.000000000
0.0 0.000000000
0.19536162799999998 0.000000000
0.19536162799999998 0.000000000
0.19536162799999998 0.000000000
0.19536162799999998 0.000000000
0.1953618291730705 0.000000000
0.11336650505687804 0.000000000
0.39336549436799995 0.000000000
0.39336549436799995 0.000000000
0.3933654943680001 0.000000000
0.39336549436799995 0.000000000
0.39336549436799995 0.000000000
0.11336650505687808 0.000000000
0.393365494368 0.000000000
0.0 0.000000000
0.0 0.000000000
0.195361628 0.000000000
0.06621850898290171 0.000000000
0.195361628 0.000000000
0.0 0.000000000
0.195361628 0.000000000
0.195361628 0.000000000
0.195361628 0.000000000
0.195361628 0.000000000
0.19536162799999995 0.000000000
0.19536162800000015 0.000000000
0.0 0.000000000
0.1953616280000001 0.000000000
0.39336549436799995 0.000000000
0.5887271223680002 0.000000000
0.39336549436799995 0.000000000
0.5887271223680002 0.000000000
0.5887271223680002 0.000000000
0.19536162800000018 0.000000000
0.5887271223680003 0.000000000
0.1953616280000005 0.000000000
0.1953616280000003 0.000000000
0.39336549436799995 0.000000000
0.1953616280000002 0.000000000
0.19536162799999998 0.000000000
0.3933654943680007 0.000000000
0.5887271223680005 0.000000000
0.3933656682836574 0.000000000
0.5887271223680002 0.000000000
0.5887271223680002 0.000000000
0.19536162799999998 0.000000000
0.5887271223680004 0.000000000
0.19536162800000006 0.000000000
0.19536162800000015 0.000000000
0.3933654943680009 0.000000000
0.19536162800000004 0.000000000
0.5887271223680011 0.000000000
0.13158738516 0.000000000
0.393365494368 0.000000000
0.393365494368 0.000000000
0.39336549436799995 0.000000000
0.393365494368 0.000000000
0.393365494368 0.000000000
0.13158738516 0.000000000
0.393365494368 0.000000000
0.13158738516000007 0.000000000
0.13158738516000007 0.000000000
0.39336549436799995 0.000000000
0.13158738516000046 0.000000000
0.39336549436799995 0.000000000
0.3933654943680011 0.000000000
0.0 0.000000000
0.195361628 0.000000000
0.1638805863961728 0.000000000
0.04722978906997198 0.000000000
0.1638805863961728 0.000000000
0.1638805863961728 0.000000000
0.195361628 0.000000000
0.1638805863961728 0.000000000
0.195361628 0.000000000
0.1638805863961728 0.000000000
0.195361628 0.000000000
0.1638805863961728 0.000000000
0.195361628 0.000000000
0.1638805863961728 0.000000000
0.195361628 0.000000000
0.195361628 0.000000000
0.0 0.000000000
0.195361628 0.000000000
0.047229789069971925 0.000000000
0.195361628 0.000000000
0.195361628 0.000000000
0.195361628 0.000000000
0.1638805863961728 0.000000000
0.195361628 0.000000000
0.1638805863961728 0.000000000
0.195361628 0.000000000
0.195361628 0.000000000
0.195361628 0.000000000
0.195361628 0.000000000
0.06621850898290173 0.000000000
0.195361628 0.000000000
0.0 0.000000000
0.195361628 0.000000000
0.195361628 0.000000000
0.195361628 0.000000000
0.195361628 0.000000000
0.195361628 0.000000000
0.06621850898290173 0.000000000
0.195361628 0.000000000
0.0 0.000000000
0.195361628 0.000000000
0.195361628 0.000000000
0.195361628 0.000000000
0.195361628 0.000000000
0.19536180850342305 0.000000000
0.047229789069971925 0.000000000
0.1638805863961728 0.000000000
0.1638805863961728 0.000000000
0.16388058977926487 0.000000000
0.1638805863961728 0.000000000
0.1638805863961728 0.000000000
0.047229789069971925 0.000000000
0.1638805863961728 0.000000000
0.0 0.000000000
3.650914373206682e-07 0.000000000
0.195361628 0.000000000
0.06621850898290173 0.000000000
0.195361628 0.000000000
0.0 0.000000000
0.195361628 0.000000000
0.195361628 0.000000000
0.195361628 0.000000000
0.195361628 0.000000000
0.19536180850342305 0.000000000
0.19536162800000012 0.000000000
0.0 0.000000000
0.195361628 0.000000000
0.1638805863961728 0.000000000
0.19536167657898165 0.000000000
0.16388058639617278 0.000000000
0.195361628 0.000000000
0.195361628 0.000000000
0.195361628 0.000000000
0.195361628 0.000000000
0.19536162800000015 0.000000000
0.19536162800000023 0.000000000
0.16388058639617278 0.000000000
0.19536162800000006 0.000000000
0.195361628 0.000000000
0.06621850898290173 0.000000000
0.195361628 0.000000000
0.0 0.000000000
0.195361628 0.000000000
0.195361628 0.000000000
0.195361628 0.000000000
0.195361628 0.000000000
0.195361628 0.000000000
0.195361628 0.000000000
0.0 0.000000000
0.19536162800000012 0.000000000
0.19536162800000012 0.000000000
0.12112420935999997 0.000000000
0.1638805863961728 0.000000000
0.16388058639617287 0.000000000
0.16388058639617292 0.000000000
0.1638805863961728 0.000000000
0.1638805863961728 0.000000000
0.12112420935999997 0.000000000
0.1638805863961728 0.000000000
0.12112420936000005 0.000000000
0.12112420936000004 0.000000000
0.16388058639617292 0.000000000
0.12112420936000003 0.000000000
0.16388058639617473 0.000000000
0.12112420936000089 0.000000000
0.19536162826321618 0.000000000
0.12618805152505305 0.000000000
0.19536162800000006 0.000000000
0.12618805152505302 0.000000000
0.195361628 0.000000000
0.195361628 0.000000000
0.19536162827378187 0.000000000
0.19536162800060375 0.000000000
0.19536162800000004 0.000000000
0.19536162800000006 0.000000000
0.12618805152505422 0.000000000
0.19536162800000015 0.000000000
0.1953616280000002 0.000000000
0.19536162800000004 0.000000000
0.0 0.000000000
0.0 0.000000000
0.13158738516 0.000000000
0.393365494368 0.000000000
0.11336653640070345 0.000000000
0.393365494368 0.000000000
0.393365494368 0.000000000
0.13158738516 0.000000000
0.393365494368 0.000000000
0.3933654943680002 0.000000000
0.393365494368 0.000000000
0.13158738516 0.000000000
0.393365494368 0.000000000
0.393365494368 0.000000000
0.393365494368 0.000000000
0.3933654943680002 0.000000000
0.13158738516 0.000000000
0.0 0.000000000
0.13158738516 0.000000000
0.11336650505687808 0.000000000
0.13158738516 0.000000000
0.13158738516 0.000000000
0.13158738516 0.000000000
0.393365494368 0.000000000
0.3933654943680002 0.000000000
0.393365494368 0.000000000
0.3933654943680002 0.000000000
0.393365494368 0.000000000
0.13158738516 0.000000000
0.13158738516 0.000000000
0.04460200570325924 0.000000000
0.13158738516000001 0.000000000
0.0 0.000000000
0.13158738516 0.000000000
0.13158738516 0.000000000
0.13158738516 0.000000000
0.13158738516 0.000000000
0.13158738516 0.000000000
0.04460200570325923 0.000000000
0.13158738516 0.000000000
0.0 0.000000000
0.13158738516 0.000000000
0.13158738516 0.000000000
0.13158738516 0.000000000
0.13158738516 0.000000000
0.13158738516 0.000000000
0.11336650505687808 0.000000000
0.393365494368 0.000000000
0.393365494368 0.000000000
0.39336549436800006 0.000000000
0.393365494368 0.000000000
0.393365494368 0.000000000
0.11336650505687808 0.000000000
0.393365494368 0.000000000
0.0 0.000000000
0.0 0.000000000
0.13158738516 0.000000000
0.04460200570325923 0.000000000
0.13158738516 0.000000000
0.0 0.000000000
0.13158738516 0.000000000
0.13158738516 0.000000000
0.13158738516 0.000000000
0.13158738516 0.000000000
0.13158738516 0.000000000
0.13158738516 0.000000000
2.014014828675704e-07 0.000000000
0.11336650505687808 0.000000000
0.393365494368 0.000000000
0.393365494368 0.000000000
0.39336549436799995 0.000000000
0.3933659128491072 0.000000000
0.3933659128491072 0.000000000
0.11336650505687808 0.000000000
0.393365494368 0.000000000
0.10395403427640008 0.000000000
0.10395403427640008 0.000000000
0.39336549436799995 0.000000000
0.1039540342764016 0.000000000
0.11336650505687829 0.000000000
0.39336549436800133 0.000000000
0.3933654943680005 0.000000000
0.3933654943680011 0.000000000
0.3933654943680002 0.000000000
0.3933654943680002 0.000000000
0.11336650505687837 0.000000000
0.3933654943680005 0.000000000
2.1328392666815964e-07 0.000000000
0.0 0.000000000
0.3933657174324847 0.000000000
0.0 0.000000000
0.3933660210008631 0.000000000
0.13158738516 0.000000000
0.393365494368 0.000000000
0.39336559700168605 0.000000000
0.3933654943680003 0.000000000
0.393365494368 0.000000000
0.393365494368 0.000000000
0.13158738516 0.000000000
0.393365494368 0.000000000
0.13158738516000004 0.000000000
0.13158738516000013 0.000000000
0.3933654943680003 0.000000000
0.13158738516 0.000000000
0.39336549436799995 0.000000000
0.3933660210008631 0.000000000
0.13158738516 0.000000000
0.393365494368 0.000000000
0.393365494368 0.000000000
0.39336549436799995 0.000000000
0.393365494368 0.000000000
0.393365494368 0.000000000
0.13158738516 0.000000000
0.39336549436800006 0.000000000
0.13158738516000024 0.000000000
0.13158738516000013 0.000000000
0.39336549436799995 0.000000000
0.13158738516000007 0.000000000
0.39336549436799995 0.000000000
0.3933654943680011 0.000000000
0.393365494368 0.000000000
0.0 0.000000000
0.0 0.000000000
0.0 0.000000000
0.0 0.000000000
0.0 0.000000000
0.0 0.000000000
0.0 0.000000000
0.0 0.000000000
3.593311002181365e-07 0.000000000
0.0 0.000000000
0.0 0.000000000
0.0 0.000000000
0.0 0.000000000
0.0 0.000000000
0.0 0.000000000
0.0 0.000000000
0.0 0.000000000
0.13158738516 0.000000000
0.393365494368 0.000000000
0.11336650505687808 0.000000000
0.393365494368 0.000000000
0.393365494368 0.000000000
0.13158738516 0.000000000
0.393365494368 0.000000000
0.3933654943680002 0.000000000
0.393365494368 0.000000000
0.13158738516 0.000000000
0.393365494368 0.000000000
0.3933654943680002 0.000000000
0.393365494368 0.000000000
0.393365494368 0.000000000
0.13158738516 0.000000000
0.0 0.000000000
0.13158738516 0.000000000
0.11336650505687808 0.000000000
0.13158738516 0.000000000
0.13158738516 0.000000000
0.13158738516 0.000000000
0.39336558878766514 0.000000000
0.3933654943680002 0.000000000
0.393365494368 0.000000000
0.3933654943680002 0.000000000
0.3933654943680002 0.000000000
0.13158738516 0.000000000
0.13158738516 0.000000000
0.04460200570325923 0.000000000
0.13158738516000001 0.000000000
0.0 0.000000000
0.13158738516 0.000000000
0.13158738516 0.000000000
0.13158738516 0.000000000
0.13158738516 0.000000000
0.13158738516 0.000000000
0.04460200570325923 0.000000000
0.13158738516 0.000000000
0.0 0.000000000
0.13158738516 0.000000000
0.13158738516 0.000000000
0.13158738516 0.000000000
0.13158738516 0.000000000
0.13158738516 0.000000000
0.11336653640070345 0.000000000
0.393365494368 0.000000000
0.393365494368 0.000000000
0.39336549436800017 0.000000000
0.393365494368 0.000000000
0.393365494368 0.000000000
0.11336650505687808 0.000000000
0.393365494368 0.000000000
0.0 0.000000000
0.0 0.000000000
0.13158738516 0.000000000
0.04460200570325923 0.000000000
0.13158738516 0.000000000
0.0 0.000000000
0.13158738516 0.000000000
0.13158738516 0.000000000
0.13158738516 0.000000000
0.13158738516 0.000000000
0.13158738516 0.000000000
0.13158738516 0.000000000
0.0 0.000000000
0.11336650505687808 0.000000000
0.393365494368 0.000000000
0.393365494368 0.000000000
0.393365494368 0.000000000
0.393365494368 0.000000000
0.393365494368 0.000000000
0.11336650505687808 0.000000000
0.393365494368 0.000000000
0.10395415315646254 0.000000000
0.10395403427640004 0.000000000
0.39336549436799995 0.000000000
0.1039540342764001 0.000000000
0.11336650505687829 0.000000000
0.39336549436800067 0.000000000
0.3933654943680004 0.000000000
0.3933654943680011 0.000000000
0.3933654943680001 0.000000000
0.3933654943680001 0.000000000
0.11336650505687858 0.000000000
0.3933654943680004 0.000000000
3.593311002181365e-07 0.000000000
0.0 0.000000000
0.3933654943680009 0.000000000
0.0 0.000000000
0.39336571743248455 0.000000000
0.13158738516 0.000000000
0.393365494368 0.000000000
0.39336559700171647 0.000000000
0.3933654943680003 0.000000000
0.393365494368 0.000000000
0.393365494368 0.000000000
0.13158738516 0.000000000
0.393365494368 0.000000000
0.13158738516000004 0.000000000
0.13158769976748033 0.000000000
0.3933654943680004 0.000000000
0.13158738516 0.000000000
0.39336549436799995 0.000000000
0.3933654943680009 0.000000000
0.13158738516 0.000000000
0.393365494368 0.000000000
0.393365494368 0.000000000
0.39336549436799995 0.000000000
0.393365494368 0.000000000
0.393365494368 0.000000000
0.13158738516 0.000000000
0.393365494368 0.000000000
0.13158778751269629 0.000000000
0.1315873851600001 0.000000000
0.39336549436800017 0.000000000
0.13158738516000007 0.000000000
0.39336549436799995 0.000000000
0.3933654943680009 0.000000000
0.393365494368 0.000000000
0.0 0.000000000
0.0 0.000000000
0.0 0.000000000
0.0 0.000000000
0.0 0.000000000
0.0 0.000000000
0.0 0.000000000
0.0 0.000000000
3.593311002181365e-07 0.000000000
0.0 0.000000000
0.0 0.000000000
0.0 0.000000000
0.0 0.000000000
2.7425111853113915e-07 0.000000000
0.0 0.000000000
0.0 0.000000000
0.13158738516 0.000000000
0.393365494368 0.000000000
0.3933654943680002 0.000000000
0.39336549436800017 0.000000000
0.3933654943680002 0.000000000
0.3933654943680002 0.000000000
0.13158738516 0.000000000
0.3933654943680002 0.000000000
0.13158738516 0.000000000
0.13158738516 0.000000000
0.39336549436800006 0.000000000
0.13158738516 0.000000000
0.393365494368 0.000000000
0.39336549436800133 0.000000000
0.393365494368 0.000000000
0.393365494368 0.000000000
0.0 0.000000000
0.0 0.000000000
0.195361628 0.000000000
0.1638805863961728 0.000000000
0.047229789069971925 0.000000000
0.1638805863961728 0.000000000
0.1638805863961728 0.000000000
0.195361628 0.000000000
0.1638805863961728 0.000000000
0.195361628 0.000000000
0.1638805863961728 0.000000000
0.195361628 0.000000000
0.1638805863961728 0.000000000
0.195361628 0.000000000
0.1638805863961728 0.000000000
0.195361628 0.000000000
0.195361628 0.000000000
0.0 0.000000000
0.195361628 0.000000000
0.047229789069971925 0.000000000
0.195361628 0.000000000
0.195361628 0.000000000
0.195361628 0.000000000
0.16388077842173213 0.000000000
0.195361628 0.000000000
0.1638805863961728 0.000000000
0.195361628 0.000000000
0.195361628 0.000000000
0.195361628 0.000000000
0.195361628 0.000000000
0.06621850898290173 0.000000000
0.195361628 0.000000000
0.0 0.000000000
0.195361628 0.000000000
0.195361628 0.000000000
0.195361628 0.000000000
0.195361628 0.000000000
0.195361628 0.000000000
0.06621850898290173 0.000000000
0.195361628 0.000000000
0.0 0.000000000
0.195361628 0.000000000
0.195361628 0.000000000
0.195361628 0.000000000
0.195361628 0.000000000
0.19536180850342305 0.000000000
0.047229789069971925 0.000000000
0.1638805863961728 0.000000000
0.1638805863961728 0.000000000
0.1638805863961728 0.000000000
0.1638805863961728 0.000000000
0.1638805863961728 0.000000000
0.047229789069971925 0.000000000
0.1638805863961728 0.000000000
0.0 0.000000000
0.0 0.000000000
0.195361628 0.000000000
0.06621850898290173 0.000000000
0.195361628 0.000000000
0.0 0.000000000
0.195361628 0.000000000
0.195361628 0.000000000
0.195361628 0.000000000
0.195361628 0.000000000
0.19536180850342305 0.000000000
0.19536162800000012 0.000000000
0.0 0.000000000
0.195361628 0.000000000
0.1638805863961728 0.000000000
0.1953616280000001 0.000000000
0.16388058639617278 0.000000000
0.195361628 0.000000000
0.195361628 0.000000000
0.195361628 0.000000000
0.195361628 0.000000000
0.19536162800000015 0.000000000
0.19536162800000023 0.000000000
0.16388058639617278 0.000000000
0.19536162800000015 0.000000000
0.195361628 0.000000000
0.06621850898290173 0.000000000
0.195361628 0.000000000
0.0 0.000000000
0.195361628 0.000000000
0.195361628 0.000000000
0.195361628 0.000000000
0.195361628 0.000000000
0.195361628 0.000000000
0.195361628 0.000000000
0.0 0.000000000
0.19536162800000012 0.000000000
0.19536162800000015 0.000000000
0.12112420935999997 0.000000000
0.1638805863961728 0.000000000
0.16388058639617284 0.000000000
0.1638805863961729 0.000000000
0.1638805863961728 0.000000000
0.1638805863961728 0.000000000
0.12112420935999997 0.000000000
0.1638805863961728 0.000000000
0.12112420936000003 0.000000000
0.1211242093600001 0.000000000
0.1638805863961728 0.000000000
0.12112420936 0.000000000
0.163880586396173 0.000000000
0.12112420936000007 0.000000000
0.19536162826489695 0.000000000
0.12618805152505305 0.000000000
0.195361628 0.000000000
0.12618805152505316 0.000000000
0.195361628 0.000000000
0.195361628 0.000000000
0.19536162834847526 0.000000000
0.195361628 0.000000000
0.19536202059785862 0.000000000
0.19536162800000006 0.000000000
0.12618805152505355 0.000000000
0.19536162799999998 0.000000000
0.1953616280000004 0.000000000
0.19536162800000015 0.000000000
0.0 0.000000000
0.195361628 0.000000000
0.1638805863961728 0.000000000
0.195361628 0.000000000
0.1638805863961728 0.000000000
0.195361628 0.000000000
0.195361628 0.000000000
0.195361628 0.000000000
0.195361628 0.000000000
0.19536180850342305 0.000000000
0.19536162800000012 0.000000000
0.16388058977926487 0.000000000
0.195361628 0.000000000
0.195361628 0.000000000
0.195361628 0.000000000
0.1638805863961728 0.000000000
0.195361628 0.000000000
0.0 0.000000000
0.0 0.000000000
0.0 0.000000000
0.0 0.000000000
0.0 0.000000000
0.0 0.000000000
0.0 0.000000000
0.0 0.000000000
3.593311002181365e-07 0.000000000
0.0 0.000000000
0.0 0.000000000
0.0 0.000000000
0.0 0.000000000
4.4358309952242406e-07 0.000000000
0.0 0.000000000
0.0 0.000000000
0.0 0.000000000
0.0 0.000000000
0.0 0.000000000
0.0 0.000000000
0.0 0.000000000
0.0 0.000000000
0.0 0.000000000
0.0 0.000000000
0.0 0.000000000
3.593311002181365e-07 0.000000000
0.0 0.000000000
0.0 0.000000000
0.0 0.000000000
0.0 0.000000000
0.0 0.000000000
0.0 0.000000000
0.0 0.000000000
0.0 0.000000000
0.0 0.000000000
