0.0 0.000000000
0.195361628 0.000000000
0.393365494368 0.000000000
0.11336653640070349 0.000000000
0.393365494368 0.000000000
0.393365494368 0.000000000
0.195361628 0.000000000
0.393365494368 0.000000000
0.588727122368 0.000000000
0.393365494368 0.000000000
0.195361628 0.000000000
0.393365494368 0.000000000
0.588727122368 0.000000000
0.393365494368 0.000000000
0.588727122368 0.000000000
0.19536162800000173 0.000000000
0.0 0.000000000
0.195361628 0.000000000
0.11336650505687808 0.000000000
0.195361628 0.000000000
0.195361628 0.000000000
0.195361628 0.000000000
0.393365494368 0.000000000
0.588727122368 0.000000000
0.393365494368 0.000000000
0.588727122368 0.000000000
0.588727122368 0.000000000
0.195361628 0.000000000
0.195361628 0.000000000
0.06621850898290173 0.000000000
0.195361628 0.000000000
0.0 0.000000000
0.195361628 0.000000000
0.195361628 0.000000000
0.195361628 0.000000000
0.195361628 0.000000000
0.195361628 0.000000000
0.06621850898290173 0.000000000
0.195361628 0.000000000
0.0 0.000000000
0.195361628 0.000000000
0.195361628 0.000000000
0.195361628 0.000000000
0.195361628 0.000000000
0.195361628 0.000000000
0.11336650505687808 0.000000000
0.393365494368 0.000000000
0.393365494368 0.000000000
0.39336549436800017 0.000000000
0.393365494368 0.000000000
0.393365494368 0.000000000
0.11336650505687808 0.000000000
0.393365494368 0.000000000
0.0 0.000000000
0.0 0.000000000
0.195361628 0.000000000
0.06621850898290173 0.000000000
0.195361628 0.000000000
0.0 0.000000000
0.195361628 0.000000000
0.195361628 0.000000000
0.195361628 0.000000000
0.195361628 0.000000000
0.195361628 0.000000000
0.195361628 0.000000000
0.0 0.000000000
0.195361628 0.000000000
0.393365494368 0.000000000
0.5887271223680002 0.000000000
0.3933654943680008 0.000000000
0.5887271223680002 0.000000000
0.5887271223680002 0.000000000
0.195361628 0.000000000
0.5887271223680002 0.000000000
0.19536162800000015 0.000000000
0.1953616280000001 0.000000000
0.3933654943680002 0.000000000
0.19536162800000012 0.000000000
0.195361628 0.000000000
0.3933654943680009 0.000000000
0.5887271223680005 0.000000000
0.3933654943680014 0.000000000
0.5887271223680002 0.000000000
0.5887271223680002 0.000000000
0.195361628 0.000000000
0.5887271223680005 0.000000000
0.195361628 0.000000000
0.195361628 0.000000000
0.3933654943680011 0.000000000
0.1953616279999998 0.000000000
0.5887271223680013 0.000000000
0.13158738516 0.000000000
0.393365494368 0.000000000
0.514489703728 0.000000000
0.393365494368 0.000000000
0.514489703728 0.000000000
0.514489703728 0.000000000
0.13158738516 0.000000000
0.514489703728 0.000000000
0.13158738515999996 0.000000000
0.13158738516000001 0.000000000
0.39336549436800006 0.000000000
0.13158738516000013 0.000000000
0.39336549436800033 0.000000000
0.5144897037280013 0.000000000
0.195361628 0.000000000
0.393365494368 0.000000000
0.5887271223680001 0.000000000
0.39336549436800056 0.000000000
0.588727122368 0.000000000
0.588727122368 0.000000000
0.195361628 0.000000000
0.588727122368 0.000000000
0.19536162799999995 0.000000000
0.19536162800000023 0.000000000
0.39336549436800033 0.000000000
0.19536162800000023 0.000000000
0.5887271223680004 0.000000000
0.588727122368001 0.000000000
0.393365494368 0.000000000
0.195361628 0.000000000
0.1638805863961728 0.000000000
0.195361628 0.000000000
0.1638805863961728 0.000000000
0.195361628 0.000000000
0.195361628 0.000000000
0.195361628 0.000000000
0.195361628 0.000000000
0.19536180850342305 0.000000000
0.1953616279999998 0.000000000
0.16388058977926487 0.000000000
0.195361628 0.000000000
0.195361628 0.000000000
0.195361628 0.000000000
0.1638805863961728 0.000000000
0.195361628 0.000000000
0.13158738516 0.000000000
0.393365494368 0.000000000
0.3933654943680002 0.000000000
0.39336549436800017 0.000000000
0.3933654943680002 0.000000000
0.3933654943680002 0.000000000
0.13158738516 0.000000000
0.3933654943680002 0.000000000
0.13158738516 0.000000000
0.13158738516 0.000000000
0.39336549436800006 0.000000000
0.13158738516 0.000000000
0.393365494368 0.000000000
0.39336549436800133 0.000000000
0.393365494368 0.000000000
0.393365494368 0.000000000
0.0 0.000000000
0.13158738516 0.000000000
0.393365494368 0.000000000
0.393365494368 0.000000000
0.39336549436800017 0.000000000
0.393365494368 0.000000000
0.3933654943680002 0.000000000
0.13158738516 0.000000000
0.3933654943680002 0.000000000
0.13158738516 0.000000000
0.13158738516000015 0.000000000
0.39336549436800017 0.000000000
0.13158738516 0.000000000
0.393365494368 0.000000000
0.39336549436800067 0.000000000
0.3933654943680002 0.000000000
0.393365494368 0.000000000
0.0 0.000000000
0.393365494368 0.000000000
0.195361628 0.000000000
0.1638805863961728 0.000000000
0.195361628 0.000000000
0.1638805863961728 0.000000000
0.195361628 0.000000000
0.195361628 0.000000000
0.195361628 0.000000000
0.195361628 0.000000000
0.19536180850371693 0.000000000
0.195361628 0.000000000
0.1638805863961728 0.000000000
0.19536162799999995 0.000000000
0.195361628 0.000000000
0.19536162800000012 0.000000000
0.1638805863961728 0.000000000
0.195361628 0.000000000
0.195361628 0.000000000
0.0 0.000000000
0.0 0.000000000
