0 0.000000000
0.195361628 0.000000000
0.393365494368 0.000000000
0.11336650505687808 0.000000000
0.393365494368 0.000000000
0.393365494368 0.000000000
0.195361628 0.000000000
0.393365494368 0.000000000
0.588727122368 0.000000000
0.393365494368 0.000000000
0.195361628 0.000000000
0.393365494368 0.000000000
0.588727122368 0.000000000
0.393365494368 0.000000000
0.588727122368 0.000000000
0.195361628 0.000000000
0 0.000000000
0.195361628 0.000000000
0.11336650505687808 0.000000000
0.195361628 0.000000000
0.195361628 0.000000000
0.195361628 0.000000000
0.393365494368 0.000000000
0.588727122368 0.000000000
0.393365494368 0.000000000
0.588727122368 0.000000000
0.588727122368 0.000000000
0.195361628 0.000000000
0.195361628 0.000000000
0.06621850898290173 0.000000000
0.195361628 0.000000000
0 0.000000000
0.195361628 0.000000000
0.195361628 0.000000000
0.195361628 0.000000000
0.195361628 0.000000000
0.195361628 0.000000000
0.06621850898290173 0.000000000
0.195361628 0.000000000
0 0.000000000
0.195361628 0.000000000
0.195361628 0.000000000
0.195361628 0.000000000
0.195361628 0.000000000
0.195361628 0.000000000
0.11336650505687808 0.000000000
0.393365494368 0.000000000
0.393365494368 0.000000000
0.393365494368 0.000000000
0.393365494368 0.000000000
0.393365494368 0.000000000
0.11336650505687808 0.000000000
0.393365494368 0.000000000
0 0.000000000
0 0.000000000
0.195361628 0.000000000
0.06621850898290173 0.000000000
0.195361628 0.000000000
0 0.000000000
0.195361628 0.000000000
0.195361628 0.000000000
0.195361628 0.000000000
0.195361628 0.000000000
0.195361628 0.000000000
0.195361628 0.000000000
0 0.000000000
0.195361628 0.000000000
0.393365494368 0.000000000
0.588727122368 0.000000000
0.393365494368 0.000000000
0.588727122368 0.000000000
0.588727122368 0.000000000
0.195361628 0.000000000
0.588727122368 0.000000000
0.195361628 0.000000000
0.195361628 0.000000000
0.393365494368 0.000000000
0.195361628 0.000000000
0.195361628 0.000000000
0.393365494368 0.000000000
0.588727122368 0.000000000
0.393365494368 0.000000000
0.588727122368 0.000000000
0.588727122368 0.000000000
0.195361628 0.000000000
0.588727122368 0.000000000
0.195361628 0.000000000
0.195361628 0.000000000
0.393365494368 0.000000000
0.195361628 0.000000000
0.588727122368 0.000000000
0.13158738516 0.000000000
0.393365494368 0.000000000
0.514489703728 0.000000000
0.393365494368 0.000000000
0.514489703728 0.000000000
0.514489703728 0.000000000
0.13158738516 0.000000000
0.514489703728 0.000000000
0.13158738516 0.000000000
0.13158738516 0.000000000
0.393365494368 0.000000000
0.13158738516 0.000000000
0.393365494368 0.000000000
0.514489703728 0.000000000
0.195361628 0.000000000
0.393365494368 0.000000000
0.588727122368 0.000000000
0.393365494368 0.000000000
0.588727122368 0.000000000
0.588727122368 0.000000000
0.195361628 0.000000000
0.588727122368 0.000000000
0.195361628 0.000000000
0.195361628 0.000000000
0.393365494368 0.000000000
0.195361628 0.000000000
0.588727122368 0.000000000
0.588727122368 0.000000000
0.393365494368 0.000000000
0.195361628 0.000000000
0.1638805863961728 0.000000000
0.195361628 0.000000000
0.1638805863961728 0.000000000
0.195361628 0.000000000
0.195361628 0.000000000
0.195361628 0.000000000
0.195361628 0.000000000
0.195361628 0.000000000
0.195361628 0.000000000
0.1638805863961728 0.000000000
0.195361628 0.000000000
0.195361628 0.000000000
0.195361628 0.000000000
0.1638805863961728 0.000000000
0.195361628 0.000000000
0.13158738516 0.000000000
0.393365494368 0.000000000
0.393365494368 0.000000000
0.393365494368 0.000000000
0.393365494368 0.000000000
0.393365494368 0.000000000
0.13158738516 0.000000000
0.393365494368 0.000000000
0.13158738516 0.000000000
0.13158738516 0.000000000
0.393365494368 0.000000000
0.13158738516 0.000000000
0.393365494368 0.000000000
0.393365494368 0.000000000
0.393365494368 0.000000000
0.393365494368 0.000000000
0 0.000000000
0.13158738516 0.000000000
0.393365494368 0.000000000
0.393365494368 0.000000000
0.393365494368 0.000000000
0.393365494368 0.000000000
0.393365494368 0.000000000
0.13158738516 0.000000000
0.393365494368 0.000000000
0.13158738516 0.000000000
0.13158738516 0.000000000
0.393365494368 0.000000000
0.13158738516 0.000000000
0.393365494368 0.000000000
0.393365494368 0.000000000
0.393365494368 0.000000000
0.393365494368 0.000000000
0 0.000000000
0.393365494368 0.000000000
0.195361628 0.000000000
0.1638805863961728 0.000000000
0.195361628 0.000000000
0.1638805863961728 0.000000000
0.195361628 0.000000000
0.195361628 0.000000000
0.195361628 0.000000000
0.195361628 0.000000000
0.195361628 0.000000000
0.195361628 0.000000000
0.1638805863961728 0.000000000
0.195361628 0.000000000
0.195361628 0.000000000
0.195361628 0.000000000
0.1638805863961728 0.000000000
0.195361628 0.000000000
0.195361628 0.000000000
0 0.000000000
0 0.000000000
