0 0.007662390
0 0.001603373
0 0.001009265
0 0.007846493
0 0.004800673
0 0.005414333
0 0.005817984
0 0.006367856
0 0.003622689
0 0.001448740
0 0.001206534
0 0.010341655
0 0.001796711
0 0.003418084
0 0.011243423
0 0.003023633
0 0.003528718
0 0.000668422
0 0.001636944
0 0.000636589
0 0.000400710
0 0.003115305
0 0.001906019
0 0.002149661
0 0.002309923
0 0.002528240
0 0.001438322
0 0.000575196
0 0.000479032
0 0.004105963
0 0.000713351
0 0.001357087
0 0.004463993
0 0.001200478
0 0.001401012
0 0.000265385
0 0.000649918
0 0.000083849
0 0.000651885
0 0.000398839
0 0.000449821
0 0.000483357
0 0.000529040
0 0.000300972
0 0.000120361
0 0.000100239
0 0.000859182
0 0.000149270
0 0.000283974
0 0.000934101
0 0.000251203
0 0.000293165
0 0.000055532
0 0.000135997
0 0.000410338
0 0.000251055
0 0.000283146
0 0.000304256
0 0.000333011
0 0.000189451
0 0.000075763
0 0.000063097
0 0.000540824
0 0.000093960
0 0.000178751
0 0.000587983
0 0.000158123
0 0.000184537
0 0.000034956
0 0.000085605
0 0.001951814
0 0.002201310
0 0.002365423
0 0.002588985
0 0.001472880
0 0.000589016
0 0.000490541
0 0.004204616
0 0.000730490
0 0.001389694
0 0.004571249
0 0.001229321
0 0.001434674
0 0.000271761
0 0.000665534
0 0.001346815
0 0.001447223
0 0.001584003
0 0.000901144
0 0.000360374
0 0.000300125
0 0.002572485
0 0.000446932
0 0.000850248
0 0.002796800
0 0.000752128
0 0.000877768
0 0.000166270
0 0.000407190
0 0.001632218
0 0.001786483
0 0.001016335
0 0.000406440
0 0.000338489
0 0.002901321
0 0.000504062
0 0.000958933
0 0.003154309
0 0.000848271
0 0.000989971
0 0.000187524
0 0.000459240
0 0.001919670
0 0.001092105
0 0.000436741
0 0.000363725
0 0.003117621
0 0.000541641
0 0.001030424
0 0.003389470
0 0.000911512
0 0.001063776
0 0.000201504
0 0.000493477
0 0.001195322
0 0.000478018
0 0.000398101
0 0.003412275
0 0.000592833
0 0.001127812
0 0.003709817
0 0.000997661
0 0.001164316
0 0.000220549
0 0.000540117
0 0.000271946
0 0.000226481
0 0.001941252
0 0.000337264
0 0.000641615
0 0.002110524
0 0.000567572
0 0.000662382
0 0.000125471
0 0.000307274
0 0.000090571
0 0.000776321
0 0.000134874
0 0.000256587
0 0.000844014
0 0.000226976
0 0.000264892
0 0.000050177
0 0.000122881
0 0.000646532
0 0.000112325
0 0.000213689
0 0.000702908
0 0.000189029
0 0.000220606
0 0.000041788
0 0.000102337
0 0.000962784
0 0.001831612
0 0.006024893
0 0.001620242
0 0.001890896
0 0.000358180
0 0.000877172
0 0.000318216
0 0.001046737
0 0.000281493
0 0.000328515
0 0.000062229
0 0.000152396
0 0.001991325
0 0.000535516
0 0.000624972
0 0.000118384
0 0.000289919
0 0.001761523
0 0.002055778
0 0.000389413
0 0.000953659
0 0.000552849
0 0.000104723
0 0.000256462
0 0.000122216
0 0.000299303
0 0.000056695
