0.195361628 0.000000000
0.393365494368 0.000000000
0.588727122368 0.000000000
0.393365494368 0.000000000
0.588727122368 0.000000000
0.588727122368 0.000000000
0.195361628 0.000000000
0.588727122368 0.000000000
0.195361628 0.000000000
0.195361628 0.000000000
0.393365494368 0.000000000
0.195361628 0.000000000
0.588727122368 0.000000000
0.588727122368 0.000000000
0.514489703728 0.000000000
0.588727122368 0.000000000
0.195361628 0.000000000
0.393365494368 0.000000000
0.393365494368 0.000000000
0.195361628 0.000000000
