0 1.631925333e-08
0 2.470250997e-08
0 9.348068599e-09
0 5.800697673e-08
0 8.780536042e-08
0 3.322781910e-08
0 6.872882561e-08
0 1.040350600e-07
0 3.936955713e-08
0 2.714415711e-08
0 4.108820408e-08
0 1.554883900e-08
0 2.959894190e-07
0 4.480402027e-07
0 1.695499994e-07
0 1.052097850e-06
0 1.592564138e-06
0 6.026674548e-07
0 1.246564701e-06
0 1.886929281e-06
0 7.140628375e-07
0 4.923254224e-07
0 7.452346872e-07
0 2.820160781e-07
0 2.147395701e-06
0 3.250520268e-06
0 1.230080931e-06
0 7.632943121e-06
0 1.155401229e-05
0 4.372337046e-06
0 9.043795182e-06
0 1.368962391e-05
0 5.180507712e-06
0 3.571808409e-06
0 5.406658689e-06
0 2.046019469e-06
0 7.789650580e-06
0 1.179122091e-05
0 4.462102922e-06
0 2.768840404e-05
0 4.191203254e-05
0 1.586059699e-05
0 3.280625193e-05
0 4.965893652e-05
0 1.879222580e-05
0 1.295668955e-05
0 1.961258559e-05
0 7.421909586e-06
0 1.412842918e-05
0 2.138625189e-05
0 8.093110783e-06
0 5.021966665e-05
0 7.601768234e-05
0 2.876705688e-05
0 5.950213071e-05
0 9.006858014e-05
0 3.408427998e-05
0 2.350011323e-05
0 3.557220232e-05
0 1.346144129e-05
0 1.025013941e-05
0 1.551567132e-05
0 5.871531275e-06
0 3.643424034e-05
0 5.515063506e-05
0 2.087042655e-05
0 4.316864439e-05
0 6.534452566e-05
0 2.472805837e-05
0 1.704927234e-05
0 2.580754225e-05
0 9.766241393e-06
1 5.378996013e-09
1 8.142204787e-09
1 3.081220856e-09
1 1.911970420e-08
1 2.894156209e-08
1 1.095223555e-08
1 2.265373736e-08
1 3.429104025e-08
1 1.297661642e-08
1 8.946997138e-09
1 1.354310038e-08
1 5.125059418e-09
1 9.756119793e-08
1 1.476787213e-07
1 5.588544722e-08
1 3.467824184e-07
1 5.249257409e-07
1 1.986454754e-07
1 4.108807199e-07
1 6.219515606e-07
1 2.353625547e-07
1 1.622755913e-07
1 2.456371213e-07
1 9.295543910e-08
1 7.078040079e-07
1 1.071405364e-06
1 4.054474972e-07
1 2.515897620e-06
1 3.808322890e-06
1 1.441167868e-06
1 2.980929166e-06
1 4.512242743e-06
1 1.707549344e-06
1 1.177305285e-06
1 1.782091064e-06
1 6.743893449e-07
1 2.567550032e-06
1 3.886509324e-06
1 1.470755637e-06
1 9.126386599e-06
1 1.381464282e-05
1 5.227818102e-06
1 1.081328261e-05
1 1.636810313e-05
1 6.194113517e-06
1 4.270659939e-06
1 6.464512655e-06
1 2.446338766e-06
1 4.656877533e-06
1 7.049131557e-06
1 2.667573678e-06
1 1.655292562e-05
1 2.505622052e-05
1 9.481921819e-06
1 1.961252254e-05
1 2.968754290e-05
1 1.123453398e-05
1 7.745882291e-06
1 1.172496870e-05
1 4.437031372e-06
1 3.378552798e-06
1 5.114127004e-06
1 1.935317914e-06
1 1.200910541e-05
1 1.817822421e-05
1 6.879110147e-06
1 1.422883519e-05
1 2.153823682e-05
1 8.150625809e-06
1 5.619617888e-06
1 8.506434947e-06
1 3.219054968e-06
0 4.381798379e-08
0.64 6.632743295e-08
0.64 2.510001591e-08
0 1.557515356e-07
0.64 2.357616357e-07
0.64 8.921829996e-08
0 1.845402179e-07
0.64 2.793391633e-07
0.64 1.057091634e-07
0 7.288337352e-08
0.64 1.103238135e-07
0.64 4.174938408e-08
0 7.947458930e-07
0.64 1.203009595e-06
0.64 4.552499416e-07
0 2.824933566e-06
0.64 4.276111667e-06
0.64 1.618191239e-06
0 3.347086461e-06
0.64 5.066496301e-06
0.64 1.917293224e-06
0 1.321917550e-06
0.64 2.000991147e-06
0.64 7.572267974e-07
0 5.765861227e-06
0.64 8.727803993e-06
0.64 3.302826739e-06
0 2.049482113e-05
0.64 3.102308131e-05
0.64 1.173993625e-05
0 2.428302709e-05
0.64 3.675730172e-05
0.64 1.390991354e-05
0 9.590478180e-06
0.64 1.451713984e-05
0.64 5.493661143e-06
0 2.091558823e-05
0.64 3.165999792e-05
0.64 1.198096197e-05
0 7.434470283e-05
0.64 1.125358327e-04
0.64 4.258646936e-05
0 8.808637174e-05
0.64 1.333366442e-04
0.64 5.045803437e-05
0 3.478933755e-05
0.64 5.266074005e-05
0.64 1.992818589e-05
0 3.793551506e-05
0.64 5.742311978e-05
0.64 2.173039354e-05
0 1.348422317e-04
0.64 2.041111505e-04
0.64 7.724093783e-05
0 1.597660963e-04
0.64 2.418384901e-04
0.64 9.151793879e-05
0 6.309893963e-05
0.64 9.551308219e-05
0.64 3.614462035e-05
0 2.752211963e-05
0.64 4.166032725e-05
0.64 1.576534520e-05
0 9.782769592e-05
0.64 1.480821202e-04
0.64 5.603810381e-05
0 1.159098962e-04
0.64 1.754532090e-04
0.64 6.639603167e-05
0 4.577812011e-05
0.64 6.929449804e-05
0.64 2.622283007e-05
1 1.444286422e-08
1.6400000000000001 2.186221331e-08
1.6400000000000001 8.273226891e-09
1 5.133732970e-08
1.6400000000000001 7.770949275e-08
1.6400000000000001 2.940728169e-08
1 6.082637950e-08
1.6400000000000001 9.207310010e-08
1.6400000000000001 3.484284217e-08
1 2.402311966e-08
1.6400000000000001 3.636387895e-08
1.6400000000000001 1.376103220e-08
1 2.619565309e-07
1.6400000000000001 3.965245028e-07
1.6400000000000001 1.500551263e-07
1 9.311275510e-07
1.6400000000000001 1.409450980e-06
1.6400000000000001 5.333727005e-07
1 1.103234588e-06
1.6400000000000001 1.669969995e-06
1.6400000000000001 6.319598329e-07
1 4.357178043e-07
1.6400000000000001 6.595475407e-07
1.6400000000000001 2.495898459e-07
1 1.900487964e-06
1.6400000000000001 2.876775176e-06
1.6400000000000001 1.088646122e-06
1 6.755306684e-06
1.6400000000000001 1.022553099e-05
1.6400000000000001 3.869605367e-06
1 8.003938857e-06
1.6400000000000001 1.211558981e-05
1.6400000000000001 4.584852503e-06
1 3.161121581e-06
1.6400000000000001 4.785000622e-06
1.6400000000000001 1.810767979e-06
1 6.893995906e-06
1.6400000000000001 1.043546534e-05
1.6400000000000001 3.949049956e-06
1 2.450478903e-05
1.6400000000000001 3.709298354e-05
1.6400000000000001 1.403694423e-05
1 2.903418635e-05
1.6400000000000001 4.394914785e-05
1.6400000000000001 1.663149411e-05
1 1.146692831e-05
1.6400000000000001 1.735752886e-05
1.6400000000000001 6.568537802e-06
1 1.250394121e-05
1.6400000000000001 1.892725887e-05
1.6400000000000001 7.162564230e-06
1 4.444540519e-05
1.6400000000000001 6.727716288e-05
1.6400000000000001 2.545941828e-05
1 5.266057075e-05
1.6400000000000001 7.971248728e-05
1.6400000000000001 3.016526662e-05
1 2.079806825e-05
1.6400000000000001 3.148210753e-05
1.6400000000000001 1.191364364e-05
1 9.071577524e-06
1.6400000000000001 1.373167814e-05
1.6400000000000001 5.196422119e-06
1 3.224502835e-05
1.6400000000000001 4.880941044e-05
1.6400000000000001 1.847074316e-05
1 3.820511005e-05
1.6400000000000001 5.783120664e-05
1.6400000000000001 2.188482416e-05
1 1.508894558e-05
1.6400000000000001 2.284018889e-05
1.6400000000000001 8.643318142e-06
0 3.921780130e-08
0.64 5.936412087e-08
1.28 2.246491854e-08
0 1.394001331e-07
0.64 2.110104615e-07
1.28 7.985181556e-08
0 1.651664676e-07
0.64 2.500130507e-07
1.28 9.461140393e-08
0 6.523179328e-08
0.64 9.874159011e-08
1.28 3.736637124e-08
0 7.113103757e-07
0.64 1.076712965e-06
1.28 4.074560307e-07
0 2.528361045e-06
0.64 3.827188820e-06
1.28 1.448307224e-06
0 2.995696296e-06
0.64 4.534595799e-06
1.28 1.716008319e-06
0 1.183137500e-06
0.64 1.790919308e-06
1.28 6.777301808e-07
0 5.160538672e-06
0.64 7.811525158e-06
1.28 2.956083133e-06
0 1.834319503e-05
0.64 2.776615748e-05
1.28 1.050743205e-05
0 2.173370038e-05
0.64 3.289837711e-05
1.28 1.244959668e-05
0 8.583632451e-06
0.64 1.299307400e-05
1.28 4.916915213e-06
0 1.871978836e-05
0.64 2.833620810e-05
1.28 1.072315395e-05
0 6.653970655e-05
0.64 1.007213829e-04
1.28 3.811557604e-05
0 7.883872157e-05
0.64 1.193384443e-04
1.28 4.516075352e-05
0 3.113701748e-05
0.64 4.713221058e-05
1.28 1.783604736e-05
0 3.395289703e-05
0.64 5.139461715e-05
1.28 1.944905224e-05
0 1.206859694e-04
0.64 1.826827674e-04
1.28 6.913188352e-05
0 1.429932296e-04
0.64 2.164493440e-04
1.28 8.191002935e-05
0 5.647456734e-05
0.64 8.548574705e-05
1.28 3.235001742e-05
0 2.463274038e-05
0.64 3.728666394e-05
1.28 1.411023790e-05
0 8.755736362e-05
0.64 1.325358828e-04
1.28 5.015500555e-05
0 1.037412241e-04
0.64 1.570334482e-04
1.28 5.942551782e-05
0 4.097215487e-05
0.64 6.201969191e-05
1.28 2.346985530e-05
1 1.292659612e-08
1.6400000000000001 1.956703306e-08
2.2800000000000002 7.404671330e-09
1 4.594773701e-08
1.6400000000000001 6.955124773e-08
2.2800000000000002 2.631999079e-08
1 5.444058942e-08
1.6400000000000001 8.240690767e-08
2.2800000000000002 3.118490498e-08
1 2.150107905e-08
1.6400000000000001 3.254625740e-08
2.2800000000000002 1.231634547e-08
1 2.344553146e-07
1.6400000000000001 3.548958171e-07
2.2800000000000002 1.343017551e-07
1 8.333741564e-07
1.6400000000000001 1.261481330e-06
2.2800000000000002 4.773771584e-07
1 9.874127267e-07
1.6400000000000001 1.494650045e-06
2.2800000000000002 5.656142298e-07
1 3.899744532e-07
1.6400000000000001 5.903056727e-07
2.2800000000000002 2.233869324e-07
1 1.700967341e-06
1.6400000000000001 2.574760121e-06
2.2800000000000002 9.743558151e-07
1 6.046108294e-06
1.6400000000000001 9.152014945e-06
2.2800000000000002 3.463359134e-06
1 7.163654202e-06
1.6400000000000001 1.084364803e-05
2.2800000000000002 4.103516842e-06
1 2.829254733e-06
1.6400000000000001 4.282652631e-06
2.2800000000000002 1.620666509e-06
1 6.170237382e-06
1.6400000000000001 9.339909572e-06
2.2800000000000002 3.534463320e-06
1 2.193218090e-05
1.6400000000000001 3.319881775e-05
2.2800000000000002 1.256329119e-05
1 2.598606445e-05
1.6400000000000001 3.933519525e-05
2.2800000000000002 1.488545512e-05
1 1.026308554e-05
1.6400000000000001 1.553526792e-05
2.2800000000000002 5.878947137e-06
1 1.119122879e-05
1.6400000000000001 1.694020156e-05
2.2800000000000002 6.410610358e-06
1 3.977935355e-05
1.6400000000000001 6.021414445e-05
2.2800000000000002 2.278658945e-05
1 4.713205906e-05
1.6400000000000001 7.134396010e-05
2.2800000000000002 2.699839952e-05
1 1.861460609e-05
1.6400000000000001 2.817699334e-05
2.2800000000000002 1.066290296e-05
1 8.119208006e-06
1.6400000000000001 1.229007312e-05
2.2800000000000002 4.650881499e-06
1 2.885981976e-05
1.6400000000000001 4.368520855e-05
2.2800000000000002 1.653161265e-05
1 3.419418889e-05
1.6400000000000001 5.175986147e-05
2.2800000000000002 1.958727014e-05
1 1.350484935e-05
1.6400000000000001 2.044233696e-05
2.2800000000000002 7.735908961e-06
0 1.170018796e-08
0.64 1.771061480e-08
1.28 6.702154651e-09
0 4.158845485e-08
0.64 6.295258732e-08
1.28 2.382288705e-08
0 4.927554963e-08
0.64 7.458856916e-08
1.28 2.822624349e-08
0 1.946116857e-08
0.64 2.945843788e-08
1.28 1.114783471e-08
0 2.122114146e-07
0.64 3.212251490e-07
1.28 1.215599035e-07
0 7.543079537e-07
0.64 1.141798547e-06
1.28 4.320860981e-07
0 8.937321462e-07
0.64 1.352845427e-06
1.28 5.119516954e-07
0 3.529757067e-07
0.64 5.343005427e-07
1.28 2.021931428e-07
0 1.539588412e-06
0.64 2.330480281e-06
1.28 8.819140064e-07
0 5.472485006e-06
0.64 8.283719398e-06
1.28 3.134773644e-06
0 6.484003974e-06
0.64 9.814859143e-06
1.28 3.714196520e-06
0 2.560829768e-06
0.64 3.876336839e-06
1.28 1.466906105e-06
0 5.584837372e-06
0.64 8.453787561e-06
1.28 3.199131835e-06
0 1.985136972e-05
0.64 3.004908670e-05
1.28 1.137135150e-05
0 2.352064190e-05
0.64 3.560327664e-05
1.28 1.347320061e-05
0 9.289377397e-06
0.64 1.406136255e-05
1.28 5.321183229e-06
0 1.012946325e-05
0.64 1.533300340e-05
1.28 5.802405011e-06
0 3.600529552e-05
0.64 5.450133981e-05
1.28 2.062471643e-05
0 4.266041459e-05
0.64 6.457521647e-05
1.28 2.443693188e-05
0 1.684854915e-05
0.64 2.550370686e-05
1.28 9.651262224e-06
0 7.348899806e-06
0.64 1.112405494e-05
1.28 4.209630068e-06
0 2.612175026e-05
0.64 3.954058332e-05
1.28 1.496317928e-05
0 3.095002221e-05
0.64 4.684915520e-05
1.28 1.772893189e-05
0 1.222357952e-05
0.64 1.850287442e-05
1.28 7.001966180e-06
1 3.856503915e-09
1.6400000000000001 5.837603256e-09
2.2800000000000002 2.209100037e-09
1 1.370798824e-08
1.6400000000000001 2.074982901e-08
2.2800000000000002 7.852271905e-09
1 1.624173481e-08
1.6400000000000001 2.458516992e-08
2.2800000000000002 9.303664090e-09
1 6.414604027e-09
1.6400000000000001 9.709808204e-09
2.2800000000000002 3.674442529e-09
1 6.994709438e-08
1.6400000000000001 1.058791576e-07
2.2800000000000002 4.006741137e-08
1 2.486277646e-07
1.6400000000000001 3.763487034e-07
2.2800000000000002 1.424200820e-07
1 2.945834318e-07
1.6400000000000001 4.459119551e-07
2.2800000000000002 1.687446155e-07
1 1.163444724e-07
1.6400000000000001 1.761110285e-07
2.2800000000000002 6.664496756e-08
1 5.074643895e-07
1.6400000000000001 7.681505937e-07
2.2800000000000002 2.906880497e-07
1 1.803788104e-06
1.6400000000000001 2.730400264e-06
2.2800000000000002 1.033254070e-06
1 2.137195300e-06
1.6400000000000001 3.235079885e-06
2.2800000000000002 1.224237890e-06
1 8.440761861e-07
1.6400000000000001 1.277681029e-06
2.2800000000000002 4.835075435e-07
1 1.840820615e-06
1.6400000000000001 2.786456504e-06
2.2800000000000002 1.054467201e-06
1 6.543218393e-06
1.6400000000000001 9.904492213e-06
2.2800000000000002 3.748115992e-06
1 7.752648754e-06
1.6400000000000001 1.173521111e-05
2.2800000000000002 4.440907368e-06
1 3.061875624e-06
1.6400000000000001 4.634771675e-06
2.2800000000000002 1.753917461e-06
1 3.338776678e-06
1.6400000000000001 5.053917754e-06
2.2800000000000002 1.912533177e-06
1 1.186772073e-05
1.6400000000000001 1.796420973e-05
2.2800000000000002 6.798121532e-06
1 1.406131735e-05
1.6400000000000001 2.128466449e-05
2.2800000000000002 8.054667483e-06
1 5.553457431e-06
1.6400000000000001 8.406287636e-06
2.2800000000000002 3.181156635e-06
1 2.422273982e-06
1.6400000000000001 3.666604468e-06
2.2800000000000002 1.387537952e-06
1 8.610001183e-06
1.6400000000000001 1.303298844e-05
2.2800000000000002 4.932019869e-06
1 1.020144995e-05
1.6400000000000001 1.544196992e-05
2.2800000000000002 5.843640759e-06
1 4.029019232e-06
1.6400000000000001 6.098740285e-06
2.2800000000000002 2.307921042e-06
0 7.012438333e-08
0 1.061475205e-07
0 4.016896683e-08
0 2.492579402e-07
0 3.773026024e-07
0 1.427810621e-07
0 2.953300874e-07
0 4.470421702e-07
0 1.691723181e-07
0 1.166393609e-07
0 1.765574022e-07
0 6.681388690e-08
0 1.271876541e-06
0 1.925243900e-06
0 7.285620800e-07
0.135 4.520900031e-06
0.135 6.843301945e-06
0.135 2.589682430e-06
0.135 5.356530669e-06
0.135 8.108198918e-06
0.135 3.068352155e-06
0.135 2.115538986e-06
0.135 3.202298648e-06
0.135 1.211832622e-06
0 9.227431933e-06
0 1.396759549e-05
0 5.285699348e-06
0.135 3.279901466e-05
0.135 4.964798144e-05
0.135 1.878808012e-05
0.135 3.886149367e-05
0.135 5.882477679e-05
0.135 2.226081679e-05
0.135 1.534818150e-05
0.135 2.323259519e-05
0.135 8.791814833e-06
0 3.347239191e-05
0 5.066727490e-05
0 1.917380712e-05
0.135 1.189780083e-04
0.135 1.800974209e-04
0.135 6.815352153e-05
0.135 1.409695738e-04
0.135 2.133861292e-04
0.135 8.075082964e-05
0.135 5.567533308e-05
0.135 8.427594339e-05
0.135 3.189219643e-05
0 6.071033785e-05
0 9.189744746e-05
0 3.477637067e-05
0.135 2.157956055e-04
0.135 3.266505512e-04
0.135 1.236130160e-04
0.135 2.556826674e-04
0.135 3.870277341e-04
0.135 1.464613035e-04
0.135 1.009807811e-04
0.135 1.528549561e-04
0.135 5.784426835e-05
0 4.404519560e-05
0 6.667136424e-05
0 2.523016841e-05
0.135 1.565591626e-04
0.135 2.369841435e-04
0.135 8.968092852e-05
0.135 1.854971245e-04
0.135 2.807876361e-04
0.135 1.062573029e-04
0.135 7.326129969e-05
0.135 1.108958816e-04
0.135 4.196586946e-05
1 2.311372773e-08
1 3.498732926e-08
1 1.324011019e-08
1 8.215801540e-08
1 1.243628708e-07
1 4.706212645e-08
1 9.734387536e-08
1 1.473497593e-07
1 5.576095952e-08
1 3.844554920e-08
1 5.819516021e-08
1 2.202255360e-08
1 4.192237661e-07
1 6.345804583e-07
1 2.401416562e-07
1.135 1.490135777e-06
1.135 2.255623657e-06
1.135 8.535863240e-07
1.135 1.765568346e-06
1.135 2.672546884e-06
1.135 1.011360855e-06
1.135 6.973037024e-07
1.135 1.055511015e-06
1.135 3.994326647e-07
1 3.041457753e-06
1 4.603865074e-06
1 1.742221604e-06
1.135 1.081089714e-05
1.135 1.636449222e-05
1.135 6.192747056e-06
1.135 1.280915341e-05
1.135 1.938925963e-05
1.135 7.337397266e-06
1.135 5.058920614e-06
1.135 7.657705553e-06
1.135 2.897873816e-06
1 1.103284930e-05
1 1.670046197e-05
1 6.319886698e-06
1.135 3.921639178e-05
1.135 5.936198728e-05
1.135 2.246411114e-05
1.135 4.646504100e-05
1.135 7.033429256e-05
1.135 2.661631521e-05
1.135 1.835117015e-05
1.135 2.777822945e-05
1.135 1.051200039e-05
1 2.001076021e-05
1 3.029035664e-05
1 1.146265429e-05
1.135 7.112848107e-05
1.135 1.076674267e-04
1.135 4.074413864e-05
1.135 8.427567246e-05
1.135 1.275683756e-04
1.135 4.827517235e-05
1.135 3.328431809e-05
1.135 5.038258691e-05
1.135 1.906607382e-05
1 1.451775560e-05
1 2.197557665e-05
1 8.316126510e-06
1.135 5.160353199e-05
1.135 7.811244406e-05
1.135 2.955976889e-05
1.135 6.114178588e-05
1.135 9.255053182e-05
1.135 3.502351468e-05
1.135 2.414768806e-05
1.135 3.655243857e-05
1.135 1.383238803e-05
0 1.882873579e-07
0.64 2.850112220e-07
0.64 1.078556170e-07
0 6.692696144e-07
0.64 1.013075720e-06
0.64 3.833740514e-07
0 7.929755558e-07
0.64 1.200329829e-06
0.64 4.542358490e-07
0 3.131823202e-07
0.64 4.740651566e-07
0.64 1.793985150e-07
0 3.415049973e-06
0.64 5.169372904e-06
0.64 1.956224391e-06
0.135 1.213883505e-05
0.775 1.837459641e-05
0.775 6.953422464e-06
0.135 1.438254369e-05
0.775 2.177090591e-05
0.775 8.238673809e-06
0.135 5.680324406e-06
0.775 8.598326613e-06
0.775 3.253829151e-06
0 2.477610064e-05
0.64 3.750366885e-05
0.64 1.419235817e-05
0.135 8.806693932e-05
0.775 1.333072293e-04
0.775 5.044690301e-05
0.135 1.043449884e-04
0.775 1.579473683e-04
0.775 5.977136880e-05
0.135 4.121060900e-05
0.775 6.238064074e-05
0.775 2.360644767e-05
0 8.987498977e-05
0.64 1.360440815e-04
0.64 5.148259865e-05
0.135 3.194617017e-04
0.775 4.835702779e-04
0.775 1.829954987e-04
0.135 3.785101176e-04
0.775 5.729520684e-04
0.775 2.168198797e-04
0.135 1.494909597e-04
0.775 2.262849805e-04
0.775 8.563208853e-05
0 1.630101908e-04
0.64 2.467490872e-04
0.64 9.337623574e-05
0.135 5.794216287e-04
0.775 8.770725146e-04
0.775 3.319069214e-04
0.135 6.865203174e-04
0.775 1.039188168e-03
0.775 3.932556772e-04
0.135 2.711382770e-04
0.775 4.104229435e-04
0.775 1.553146557e-04
0 1.182634786e-04
0.64 1.790158347e-04
0.64 6.774422137e-05
0.135 4.203689170e-04
0.775 6.363138771e-04
0.775 2.407976267e-04
0.135 4.980687430e-04
0.775 7.539283713e-04
0.775 2.853059929e-04
0.135 1.967101299e-04
0.775 2.977608009e-04
0.775 1.126803874e-04
1 6.206147589e-08
1.6400000000000001 9.394266976e-08
1.6400000000000001 3.555033567e-08
1 2.205982415e-07
1.6400000000000001 3.339203177e-07
1.6400000000000001 1.263640837e-07
1 2.613730093e-07
1.6400000000000001 3.956412242e-07
1.6400000000000001 1.497208709e-07
1 1.032281574e-07
1.6400000000000001 1.562568173e-07
1.6400000000000001 5.913162061e-08
1 1.125636070e-06
1.6400000000000001 1.703879195e-06
1.6400000000000001 6.447919513e-07
1.135 4.001086569e-06
1.7750000000000001 6.056458516e-06
1.7750000000000001 2.291920528e-06
1.135 4.740636325e-06
1.7750000000000001 7.175917530e-06
1.7750000000000001 2.715552769e-06
1.135 1.872294137e-06
1.7750000000000001 2.834098082e-06
1.7750000000000001 1.072496006e-06
1 8.166461040e-06
1.6400000000000001 1.236160020e-05
1.6400000000000001 4.677949196e-06
1.135 2.902778122e-05
1.7750000000000001 4.393945239e-05
1.7750000000000001 1.662782510e-05
1.135 3.439319589e-05
1.7750000000000001 5.206109904e-05
1.7750000000000001 1.970126622e-05
1.135 1.358344631e-05
1.7750000000000001 2.056130945e-05
1.7750000000000001 7.780931230e-06
1 2.962373350e-05
1.6400000000000001 4.484154740e-05
1.6400000000000001 1.696920118e-05
1.135 1.052979070e-04
1.7750000000000001 1.593898044e-04
1.7750000000000001 6.031722394e-05
1.135 1.247608804e-04
1.7750000000000001 1.888509743e-04
1.7750000000000001 7.146609251e-05
1.135 4.927377863e-05
1.7750000000000001 7.458588839e-05
1.7750000000000001 2.822522902e-05
1 5.372985814e-05
1.6400000000000001 8.133107129e-05
1.6400000000000001 3.077778067e-05
1.135 1.909834088e-04
1.7750000000000001 2.890922436e-04
1.7750000000000001 1.093999811e-04
1.135 2.262842530e-04
1.7750000000000001 3.425272530e-04
1.7750000000000001 1.296211706e-04
1.135 8.937000248e-05
1.7750000000000001 1.352796805e-04
1.7750000000000001 5.119332955e-05
1 3.898087533e-05
1.6400000000000001 5.900548522e-05
1.6400000000000001 2.232920154e-05
1.135 1.385579770e-04
1.7750000000000001 2.097356869e-04
1.7750000000000001 7.936940788e-05
1.135 1.641686496e-04
1.7750000000000001 2.485026502e-04
1.7750000000000001 9.403982935e-05
1.135 6.483770934e-05
1.7750000000000001 9.814506389e-05
1.7750000000000001 3.714063029e-05
0 1.685202182e-07
0.64 2.550896345e-07
1.28 9.653251454e-08
0 5.990070853e-07
0.64 9.067190876e-07
1.28 3.431259513e-07
0 7.097258954e-07
0.64 1.074314532e-06
1.28 4.065484015e-07
0 2.803032212e-07
0.64 4.242959512e-07
1.28 1.605645606e-07
0 3.056524734e-06
0.64 4.626672015e-06
1.28 1.750852340e-06
0.135 1.086445290e-05
0.775 1.644555976e-05
1.415 6.223425109e-06
0.135 1.287260827e-05
0.775 1.948531146e-05
1.415 7.373745765e-06
0.135 5.083981840e-06
0.775 7.695640818e-06
1.415 2.912229501e-06
0 2.217500915e-05
0.64 3.356638772e-05
1.28 1.270238917e-05
0.135 7.882132924e-05
0.775 1.193121175e-04
1.415 4.515079077e-05
0.135 9.339044537e-05
0.775 1.413654387e-04
1.415 5.349633785e-05
0.135 3.688415886e-05
0.775 5.583167827e-05
1.415 2.112815091e-05
0 8.043956352e-05
0.64 1.217616443e-04
1.28 4.607775506e-05
0.135 2.859233688e-04
0.775 4.328031879e-04
1.415 1.637839190e-04
0.135 3.387726521e-04
0.775 5.128013301e-04
1.415 1.940572848e-04
0.135 1.337968169e-04
0.775 2.025287024e-04
1.415 7.664209857e-05
0 1.458967465e-04
0.64 2.208444076e-04
1.28 8.357323505e-05
0.135 5.185916908e-04
0.775 7.849940282e-04
1.415 2.970620409e-04
0.135 6.144467423e-04
0.775 9.300901496e-04
1.415 3.519701655e-04
0.135 2.426731253e-04
0.775 3.673351454e-04
1.415 1.390091186e-04
0 1.058477183e-04
0.64 1.602220556e-04
1.28 6.063216933e-05
0.135 3.762369518e-04
0.775 5.695111695e-04
1.415 2.155177546e-04
0.135 4.457795477e-04
0.775 6.747780363e-04
1.415 2.553534593e-04
0.135 1.760587348e-04
0.775 2.665007131e-04
1.415 1.008507618e-04
1 5.554602058e-08
1.6400000000000001 8.408020263e-08
2.2800000000000002 3.181812306e-08
1 1.974389794e-07
1.6400000000000001 2.988640630e-07
2.2800000000000002 1.130978903e-07
1 2.339330534e-07
1.6400000000000001 3.541052685e-07
2.2800000000000002 1.340025911e-07
1 9.239086364e-08
1.6400000000000001 1.398523684e-07
2.2800000000000002 5.292375292e-08
1 1.007462414e-06
1.6400000000000001 1.524999325e-06
2.2800000000000002 5.770991825e-07
1.135 3.581036927e-06
1.7750000000000001 5.420627927e-06
2.415 2.051305790e-06
1.135 4.242945872e-06
1.7750000000000001 6.422561776e-06
2.415 2.430463469e-06
1.135 1.675733411e-06
1.7750000000000001 2.536563434e-06
2.415 9.599012011e-07
1 7.309114173e-06
1.6400000000000001 1.106383129e-05
2.2800000000000002 4.186839881e-06
1.135 2.598033176e-05
1.7750000000000001 3.932651765e-05
2.415 1.488217130e-05
1.135 3.078246431e-05
1.7750000000000001 4.659552222e-05
2.415 1.763295061e-05
1.135 1.215740324e-05
1.7750000000000001 1.840270316e-05
2.415 6.964058784e-06
1 2.651371865e-05
1.6400000000000001 4.013390722e-05
2.2800000000000002 1.518770839e-05
1.135 9.424332285e-05
1.7750000000000001 1.426564423e-04
2.415 5.398488699e-05
1.135 1.116629976e-04
1.7750000000000001 1.690246639e-04
2.415 6.396330395e-05
1.135 4.410082556e-05
1.7750000000000001 6.675557151e-05
2.415 2.526203462e-05
1 4.808908850e-05
1.6400000000000001 7.279261885e-05
2.2800000000000002 2.754660945e-05
1.135 1.709332272e-04
1.7750000000000001 2.587422146e-04
2.415 9.791474529e-05
1.135 2.025280513e-04
1.7750000000000001 3.065674087e-04
2.415 1.160130355e-04
1.135 7.998759176e-05
1.7750000000000001 1.210774931e-04
2.415 4.581885455e-05
1 3.488851131e-05
1.6400000000000001 5.281085971e-05
2.2800000000000002 1.998499505e-05
1.135 1.240116213e-04
1.7750000000000001 1.877168181e-04
2.415 7.103689850e-05
1.135 1.469335858e-04
1.7750000000000001 2.224138748e-04
2.415 8.416716202e-05
1.135 5.803079424e-05
1.7750000000000001 8.784141307e-05
2.415 3.324146236e-05
0 5.027610324e-08
0.64 7.610311059e-08
1.28 2.879938514e-08
0 1.787069966e-07
0.64 2.705093962e-07
1.28 1.023677511e-07
0 2.117387028e-07
0.64 3.205096035e-07
1.28 1.212891226e-07
0 8.362529934e-08
0.64 1.265839036e-07
1.28 4.790262268e-08
0 9.118796235e-07
0.64 1.380315326e-06
1.28 5.223470155e-07
0.135 3.241286781e-06
0.775 4.906346961e-06
1.415 1.856688572e-06
0.135 3.840397250e-06
0.775 5.813222541e-06
1.415 2.199873744e-06
0.135 1.516748546e-06
0.775 2.295907497e-06
1.415 8.688307709e-07
0 6.615663460e-06
0.64 1.001415256e-05
1.28 3.789614303e-06
0.135 2.351545310e-05
0.775 3.559542233e-05
1.415 1.347022834e-05
0.135 2.786198430e-05
0.775 4.217478158e-05
1.415 1.596002803e-05
0.135 1.100397210e-05
0.775 1.665675046e-05
1.415 6.303345130e-06
0 2.399823501e-05
0.64 3.632621098e-05
1.28 1.374677766e-05
0.135 8.530200687e-05
0.775 1.291219415e-04
1.415 4.886308188e-05
0.135 1.010689935e-04
0.775 1.529884835e-04
1.415 5.789479856e-05
0.135 3.991676875e-05
0.775 6.042215031e-05
1.415 2.286530425e-05
0 4.352664606e-05
0.64 6.588643402e-05
1.28 2.493313051e-05
0.135 1.547159722e-04
0.775 2.341940999e-04
1.415 8.862510385e-05
0.135 1.833132439e-04
0.775 2.774818885e-04
1.415 1.050063225e-04
0.135 7.239878534e-05
0.775 1.095902907e-04
1.415 4.147180009e-05
0 3.157847094e-05
0.64 4.780044019e-05
1.28 1.808892273e-05
0.135 1.122460441e-04
0.775 1.699072234e-04
1.415 6.429728728e-05
0.135 1.329932919e-04
0.775 2.013124039e-04
1.415 7.618181974e-05
0.135 5.252513450e-05
0.775 7.950747696e-05
1.415 3.008768541e-05
1 1.657152771e-08
1.6400000000000001 2.508437856e-08
2.2800000000000002 9.492577551e-09
1 5.890368896e-08
1.6400000000000001 8.916271680e-08
2.2800000000000002 3.374147786e-08
1 6.979128364e-08
1.6400000000000001 1.056433064e-07
2.2800000000000002 3.997815915e-08
1 2.756377039e-08
1.6400000000000001 4.172337415e-08
2.2800000000000002 1.578920378e-08
1 3.005650295e-07
1.6400000000000001 4.549663201e-07
2.2800000000000002 1.721710213e-07
1.135 1.068361911e-06
1.7750000000000001 1.617183103e-06
2.415 6.119839078e-07
1.135 1.265834966e-06
1.7750000000000001 1.916098747e-06
2.415 7.251013179e-07
1.135 4.999361316e-07
1.7750000000000001 7.567550438e-07
2.415 2.863756789e-07
1 2.180591639e-06
1.6400000000000001 3.300769073e-06
2.2800000000000002 1.249096378e-06
1.135 7.750938470e-06
1.7750000000000001 1.173262225e-05
2.415 4.439927676e-06
1.135 9.183600464e-06
1.7750000000000001 1.390124764e-05
2.415 5.260591607e-06
1.135 3.627023910e-06
1.7750000000000001 5.490238583e-06
2.415 2.077648262e-06
1 7.910068422e-06
1.6400000000000001 1.197349781e-05
2.2800000000000002 4.531081215e-06
1.135 2.811643066e-05
1.7750000000000001 4.255993791e-05
2.415 1.610578114e-05
1.135 3.331339382e-05
1.7750000000000001 5.042659893e-05
2.415 1.908272911e-05
1.135 1.315698308e-05
1.7750000000000001 1.991577059e-05
2.415 7.536642631e-06
1 1.434683627e-05
1.6400000000000001 2.171685546e-05
2.2800000000000002 8.218219724e-06
1.135 5.099599722e-05
1.7750000000000001 7.719281659e-05
2.415 2.921175807e-05
1.135 6.042195607e-05
1.7750000000000001 9.146092296e-05
2.415 3.461117850e-05
1.135 2.386339434e-05
1.7750000000000001 3.612210219e-05
2.415 1.366953762e-05
1 1.040859320e-05
1.6400000000000001 1.575552337e-05
2.2800000000000002 5.962297493e-06
1.135 3.699746619e-05
1.7750000000000001 5.600319197e-05
2.415 2.119305613e-05
1.135 4.383597534e-05
1.7750000000000001 6.635466683e-05
2.415 2.511032192e-05
1.135 1.731283186e-05
1.7750000000000001 2.620649320e-05
2.415 9.917214751e-06
0 1.129975673e-07
0 1.710448067e-07
0 6.472777823e-08
0 4.016511738e-07
0 6.079807648e-07
0 2.300756443e-07
0 4.758912640e-07
0 7.203582450e-07
0 2.726021890e-07
0 1.879512289e-07
0 2.845024225e-07
0 1.076630741e-07
0 2.049486187e-06
0 3.102314299e-06
0 1.173995959e-06
0.135 7.284922608e-06
0.135 1.102721244e-05
0.135 4.172982359e-06
0.135 8.631447521e-06
0.135 1.306545183e-05
0.135 4.944304858e-06
0.135 3.408953456e-06
0.135 5.160144585e-06
0.135 1.952732157e-06
0 1.486897013e-05
0 2.250721128e-05
0 8.517310804e-06
0.135 5.285192811e-05
0.135 8.000214557e-05
0.135 3.027488081e-05
0.27 6.262093208e-05
0.27 9.478952053e-05
0.27 3.587080591e-05
0.27 2.473187056e-05
0.27 3.743671763e-05
0.27 1.416702210e-05
0 5.393699991e-05
0 8.164462250e-05
0 3.089643655e-05
0.135 1.917196967e-04
0.135 2.902067650e-04
0.135 1.098217449e-04
0.27 2.271566342e-04
0.27 3.438477795e-04
0.27 1.301208919e-04
0.27 8.971454574e-05
0.27 1.358012168e-04
0.27 5.139069238e-05
0 9.782789040e-05
0 1.480824146e-04
0 5.603821521e-05
0.135 3.477303799e-04
0.135 5.263606735e-04
0.135 1.991884910e-04
0.27 4.120039000e-04
0.27 6.236517222e-04
0.27 2.360059398e-04
0.27 1.627191865e-04
0.27 2.463085929e-04
0.27 9.320954131e-05
0 7.097388550e-05
0 1.074334149e-04
0 4.065558251e-05
0.135 2.522775056e-04
0.135 3.818733290e-04
0.135 1.445107433e-04
0.27 2.989077809e-04
0.27 4.524577372e-04
0.27 1.712217087e-04
0.27 1.180523557e-04
0.27 1.786962573e-04
0.27 6.762328499e-05
1 3.724517608e-08
1 5.637815129e-08
1 2.133495044e-08
1 1.323884137e-07
1 2.003967978e-07
1 7.583533070e-08
1 1.568587214e-07
1 2.374375867e-07
1 8.985252314e-08
1 6.195068429e-08
1 9.377496414e-08
1 3.548687153e-08
1 6.755320114e-07
1 1.022555132e-06
1 3.869613060e-07
1.135 2.401186431e-06
1.135 3.634684168e-06
1.135 1.375458485e-06
1.135 2.845015078e-06
1.135 4.306509121e-06
1.135 1.629694421e-06
1.135 1.123626595e-06
1.135 1.700837445e-06
1.135 6.436408744e-07
1 4.900967550e-06
1 7.418611456e-06
1 2.807394427e-06
1.135 1.742054644e-05
1.135 2.636954114e-05
1.135 9.978916305e-06
1.27 2.064051198e-05
1.27 3.124361407e-05
1.27 1.182339155e-05
1.27 8.151882346e-06
1.27 1.233953238e-05
1.27 4.669598163e-06
1 1.777819742e-05
1 2.691091865e-05
1 1.018378756e-05
1.135 6.319281053e-05
1.135 9.565517490e-05
1.135 3.619839191e-05
1.27 7.487319456e-05
1.27 1.133358124e-04
1.27 4.288920238e-05
1.27 2.957084947e-05
1.27 4.476149667e-05
1.27 1.693890791e-05
1 3.224509245e-05
1 4.880950747e-05
1 1.847077988e-05
1.135 1.146155580e-04
1.135 1.734939648e-04
1.135 6.565460300e-05
1.27 1.358007802e-04
1.27 2.055621087e-04
1.27 7.779001793e-05
1.27 5.363394008e-05
1.27 8.118587978e-05
1.27 3.072283645e-05
1 2.339373250e-05
1 3.541117345e-05
1 1.340050380e-05
1.135 8.315329563e-05
1.135 1.258694299e-04
1.135 4.763224738e-05
1.27 9.852312043e-05
1.27 1.491347867e-04
1.27 5.643646002e-05
1.27 3.891128702e-05
1.27 5.890014915e-05
1.27 2.228933965e-05
0 3.034039286e-07
0.64 4.592635714e-07
0.64 1.737972124e-07
0 1.078452811e-06
0.64 1.632457733e-06
0.64 6.177642229e-07
0 1.277791040e-06
0.64 1.934196698e-06
0.64 7.319500504e-07
0 5.046581321e-07
0.64 7.639027523e-07
0.64 2.890805566e-07
0 5.502969449e-06
0.64 8.329863805e-06
0.64 3.152235881e-06
0.135 1.956036923e-05
0.775 2.960859826e-05
0.775 1.120465929e-05
0.135 2.317585369e-05
0.775 3.508136954e-05
0.775 1.327569747e-05
0.135 9.153204760e-06
0.775 1.385523756e-05
0.775 5.243180203e-06
0 3.992390330e-05
0.64 6.043294990e-05
0.64 2.286939109e-05
0.135 1.419099809e-04
0.775 2.148096268e-04
0.775 8.128951794e-05
0.27 1.681402287e-04
0.91 2.545144431e-04
0.91 9.631484724e-05
0.27 6.640626758e-05
0.91 1.005193959e-04
0.91 3.803913892e-05
0 1.448234512e-04
0.64 2.192197567e-04
0.64 8.295842515e-05
0.135 5.147766500e-04
0.775 7.792191876e-04
0.775 2.948766919e-04
0.27 6.099265398e-04
0.91 9.232479036e-04
0.91 3.493808827e-04
0.27 2.408878906e-04
0.91 3.646328294e-04
0.91 1.379864924e-04
0 2.626726131e-04
0.64 3.976084389e-04
0.64 1.504653158e-04
0.135 9.336728735e-04
0.775 1.413303844e-03
0.775 5.348307237e-04
0.27 1.106250381e-03
0.91 1.674535011e-03
0.91 6.336873529e-04
0.27 4.369088788e-04
0.91 6.613504743e-04
0.91 2.502721226e-04
0 1.905683122e-04
0.64 2.884639104e-04
0.64 1.091622036e-04
0.135 6.773772934e-04
0.775 1.025348341e-03
0.775 3.880183288e-04
0.27 8.025818357e-04
0.91 1.214870888e-03
0.91 4.597385618e-04
0.27 3.169762796e-04
0.91 4.798080859e-04
0.91 1.815717880e-04
1 1.000050976e-07
1.6400000000000001 1.513780606e-07
1.6400000000000001 5.728537289e-08
1 3.554692883e-07
1.6400000000000001 5.380750857e-07
1.6400000000000001 2.036215275e-07
1 4.211732468e-07
1.6400000000000001 6.375313939e-07
1.6400000000000001 2.412583666e-07
1 1.663405810e-07
1.6400000000000001 2.517903102e-07
1.6400000000000001 9.528396489e-08
1 1.813836094e-06
1.6400000000000001 2.745609942e-06
1.6400000000000001 1.039009806e-06
1.135 6.447301599e-06
1.7750000000000001 9.759302631e-06
1.7750000000000001 3.693172499e-06
1.135 7.639002965e-06
1.7750000000000001 1.156318509e-05
1.7750000000000001 4.375808273e-06
1.135 3.016991703e-06
1.7750000000000001 4.566830730e-06
1.7750000000000001 1.728206850e-06
1 1.315933470e-05
1.6400000000000001 1.991933025e-05
1.6400000000000001 7.537989697e-06
1.135 4.677500901e-05
1.7750000000000001 7.080349220e-05
1.7750000000000001 2.679387249e-05
1.27 5.542077209e-05
1.9100000000000001 8.389061355e-05
1.9100000000000001 3.174637765e-05
1.27 2.188819802e-05
1.9100000000000001 3.313224072e-05
1.9100000000000001 1.253809671e-05
1 4.773531916e-05
1.6400000000000001 7.225711699e-05
1.6400000000000001 2.734396170e-05
1.135 1.696757499e-04
1.7750000000000001 2.568387669e-04
1.7750000000000001 9.719443148e-05
1.27 2.010381455e-04
1.9100000000000001 3.043121331e-04
1.9100000000000001 1.151595809e-04
1.27 7.939915978e-05
1.9100000000000001 1.201867816e-04
1.9100000000000001 4.548178628e-05
1 8.657963140e-05
1.6400000000000001 1.310558862e-04
1.6400000000000001 4.959493655e-05
1.135 3.077483118e-04
1.7750000000000001 4.658396793e-04
1.7750000000000001 1.762857817e-04
1.27 3.646316572e-04
1.9100000000000001 5.519441951e-04
1.9100000000000001 2.088699572e-04
1.27 1.440097209e-04
1.9100000000000001 2.179880103e-04
1.9100000000000001 8.249230047e-05
1 6.281330223e-05
1.6400000000000001 9.508071187e-05
1.6400000000000001 3.598100024e-05
1.135 2.232706170e-04
1.7750000000000001 3.379655017e-04
1.7750000000000001 1.278948859e-04
1.27 2.645393393e-04
1.9100000000000001 4.004341088e-04
1.9100000000000001 1.515346223e-04
1.27 1.044786860e-04
1.9100000000000001 1.581497467e-04
1.9100000000000001 5.984795404e-05
0 2.715514032e-07
0.64 4.110482941e-07
1.28 1.555513045e-07
0 9.652326367e-07
0.64 1.461075966e-06
1.28 5.529089302e-07
0 1.143643563e-06
0.64 1.731137200e-06
1.28 6.551070851e-07
0 4.516771571e-07
0.64 6.837052680e-07
1.28 2.587317546e-07
0 4.925246297e-06
0.64 7.455362279e-06
1.28 2.821301889e-06
0.135 1.750684553e-05
0.775 2.650017237e-05
1.415 1.002835054e-05
0.135 2.074276236e-05
0.775 3.139839081e-05
1.415 1.188196307e-05
0.135 8.192265697e-06
0.775 1.240066079e-05
1.415 4.692730737e-06
0 3.573253653e-05
0.64 5.408846359e-05
1.28 2.046847340e-05
0.135 1.270117188e-04
0.775 1.922580761e-04
1.415 7.275542794e-05
0.27 1.504882130e-04
0.91 2.277945262e-04
1.55 8.620333968e-05
0.27 5.943467913e-05
0.91 8.996647846e-05
1.55 3.404564206e-05
0 1.296193215e-04
0.64 1.962052134e-04
1.28 7.424912677e-05
0.135 4.607333936e-04
0.775 6.974137243e-04
1.415 2.639193890e-04
0.27 5.458940776e-04
0.91 8.263217450e-04
1.55 3.127015177e-04
0.27 2.155985422e-04
0.91 3.263522557e-04
1.55 1.235001333e-04
0 2.350962197e-04
0.64 3.558659573e-04
1.28 1.346688813e-04
0.135 8.356522610e-04
0.775 1.264929705e-03
1.415 4.786821125e-04
0.27 9.901119099e-04
0.91 1.498735807e-03
1.55 5.671603881e-04
0.27 3.910404841e-04
0.91 5.919193273e-04
1.55 2.239975810e-04
0 1.705617091e-04
0.64 2.581798463e-04
1.28 9.770193060e-05
0.135 6.062635885e-04
0.775 9.177032816e-04
1.415 3.472826543e-04
0.27 7.183236707e-04
0.91 1.087329014e-03
1.55 4.114734181e-04
0.27 2.836988760e-04
0.91 4.294359655e-04
1.55 1.625096749e-04
1 8.950617318e-08
1.6400000000000001 1.354858026e-07
2.2800000000000002 5.127133146e-08
1 3.181507388e-07
1.6400000000000001 4.815858688e-07
2.2800000000000002 1.822445470e-07
1 3.769568400e-07
1.6400000000000001 5.706008667e-07
2.2800000000000002 2.159301242e-07
1 1.488774993e-07
1.6400000000000001 2.253563834e-07
2.2800000000000002 8.528068337e-08
1 1.623412521e-06
1.6400000000000001 2.457365123e-06
2.2800000000000002 9.299305122e-07
1.135 5.770438782e-06
1.7750000000000001 8.734733054e-06
2.415 3.305448875e-06
1.135 6.837030700e-06
1.7750000000000001 1.034923691e-05
2.415 3.916418888e-06
1.135 2.700256171e-06
1.7750000000000001 4.087387064e-06
2.415 1.546772968e-06
1 1.177781652e-05
1.6400000000000001 1.782812143e-05
2.2800000000000002 6.746622198e-06
1.135 4.186438650e-05
1.7750000000000001 6.337026600e-05
2.415 2.398094746e-05
1.27 4.960248372e-05
1.9100000000000001 7.508345040e-05
2.55 2.841351936e-05
1.27 1.959028980e-05
1.9100000000000001 2.965388912e-05
2.55 1.122179852e-05
1 4.272387955e-05
1.6400000000000001 6.467128360e-05
2.2800000000000002 2.447328617e-05
1.135 1.518625293e-04
1.7750000000000001 2.298748335e-04
2.415 8.699058175e-05
1.27 1.799323785e-04
1.9100000000000001 2.723642609e-04
2.55 1.030696799e-04
1.27 7.106352694e-05
1.9100000000000001 1.075691054e-04
2.55 4.070693132e-05
1 7.749016470e-05
1.6400000000000001 1.172971291e-04
2.2800000000000002 4.438826707e-05
1.135 2.754396962e-04
1.7750000000000001 4.169340166e-04
2.415 1.577786141e-04
1.27 3.263512066e-04
1.9100000000000001 4.939989451e-04
2.55 1.869419761e-04
1.27 1.288910198e-04
1.9100000000000001 1.951027805e-04
2.55 7.383193768e-05
1 5.621891727e-05
1.6400000000000001 8.509876865e-05
2.2800000000000002 3.220357478e-05
1.135 1.998307986e-04
1.7750000000000001 3.024845679e-04
2.415 1.144679830e-04
1.27 2.367669698e-04
1.9100000000000001 3.583949774e-04
2.55 1.356259279e-04
1.27 9.351010684e-05
1.9100000000000001 1.415465707e-04
2.55 5.356488287e-05
0 8.101429330e-08
0.64 1.226316147e-07
1.28 4.640697437e-08
0 2.879662525e-07
0.64 4.358955080e-07
1.28 1.649541329e-07
0 3.411931368e-07
0.64 5.164652261e-07
1.28 1.954437978e-07
0 1.347527770e-07
0.64 2.039757426e-07
1.28 7.718969598e-08
0 1.469391590e-06
0.64 2.224223109e-06
1.28 8.417035449e-07
0.135 5.222969582e-06
0.775 7.906027041e-06
1.415 2.991845089e-06
0.135 6.188368810e-06
0.775 9.367355177e-06
1.415 3.544849447e-06
0.135 2.444069919e-06
0.775 3.699597052e-06
1.415 1.400023199e-06
0 1.066039859e-05
0.64 1.613668205e-05
1.28 6.106537796e-06
0.135 3.789251139e-05
0.775 5.735802497e-05
1.415 2.170575998e-05
0.27 4.489645822e-05
0.91 6.795992340e-05
1.55 2.571779252e-05
0.27 1.773166506e-05
0.91 2.684048246e-05
1.55 1.015713268e-05
0 3.867046022e-05
0.64 5.853560879e-05
1.28 2.215138815e-05
0.135 1.374546029e-04
0.775 2.080655057e-04
1.415 7.873736809e-05
0.27 1.628613308e-04
0.91 2.465237573e-04
1.55 9.329096508e-05
0.27 6.432138935e-05
0.91 9.736350854e-05
1.55 3.684486954e-05
0 7.013830116e-05
0.64 1.061685880e-04
1.28 4.017693931e-05
0.135 2.493074113e-04
0.775 3.773774870e-04
1.415 1.428094004e-04
0.27 2.953887026e-04
0.91 4.471308962e-04
1.55 1.692058943e-04
0.27 1.166625107e-04
0.91 1.765924441e-04
1.55 6.682714769e-05
0 5.088515898e-05
0.64 7.702504037e-05
1.28 2.914826721e-05
0.135 1.808718924e-04
0.775 2.737864063e-04
1.415 1.036078565e-04
0.27 2.143037519e-04
0.91 3.243923272e-04
1.55 1.227584457e-04
0.27 8.463835457e-05
0.91 1.281173688e-04
1.55 4.848292556e-05
1 2.670315558e-08
1.6400000000000001 4.042065855e-08
2.2800000000000002 1.529622251e-08
1 9.491667863e-08
1.6400000000000001 1.436757033e-07
2.2800000000000002 5.437060170e-08
1 1.124608145e-07
1.6400000000000001 1.702323222e-07
2.2800000000000002 6.442031309e-08
1 4.441591998e-08
1.6400000000000001 6.723253102e-08
2.2800000000000002 2.544252843e-08
1 4.843267852e-07
1.6400000000000001 7.331271225e-07
2.2800000000000002 2.774342625e-07
1.135 1.721545219e-06
1.7750000000000001 2.605908926e-06
2.415 9.861433288e-07
1.135 2.039750868e-06
1.7750000000000001 3.087577913e-06
2.415 1.168419330e-06
1.135 8.055909226e-07
1.7750000000000001 1.219425754e-06
2.415 4.614622405e-07
1 3.513778500e-06
1.6400000000000001 5.318818615e-06
2.2800000000000002 2.012778513e-06
1.135 1.248976675e-05
1.7750000000000001 1.890580294e-05
2.415 7.154444752e-06
1.27 1.479834064e-05
1.9100000000000001 2.240029918e-05
2.55 8.476852499e-06
1.27 5.844541640e-06
1.9100000000000001 8.846902806e-06
2.55 3.347896810e-06
1 1.274618679e-05
1.6400000000000001 1.929394684e-05
2.2800000000000002 7.301328442e-06
1.135 4.530646995e-05
1.7750000000000001 6.858055957e-05
2.415 2.595265729e-05
1.27 5.368079234e-05
1.9100000000000001 8.125680021e-05
2.55 3.074967457e-05
1.27 2.120100043e-05
1.9100000000000001 3.209202735e-05
2.55 1.214445308e-05
1 2.311831520e-05
1.6400000000000001 3.499427332e-05
2.2800000000000002 1.324273801e-05
1.135 8.217432159e-05
1.7750000000000001 1.243875536e-04
2.415 4.707146703e-05
1.27 9.736319554e-05
1.9100000000000001 1.473790044e-04
2.55 5.577202659e-05
1.27 3.845317962e-05
1.9100000000000001 5.820671041e-05
2.55 2.202692449e-05
1 1.677227884e-05
1.6400000000000001 2.538825623e-05
2.2800000000000002 9.607572719e-06
1.135 5.961726117e-05
1.7750000000000001 9.024285352e-05
2.415 3.415022953e-05
1.27 7.063675056e-05
1.9100000000000001 1.069230926e-04
2.55 4.046246335e-05
1.27 2.789768395e-05
1.9100000000000001 4.222882026e-05
2.55 1.598047766e-05
0 8.092572786e-08
0 1.224975529e-07
0 4.635624192e-08
0 2.876514456e-07
0 4.354189837e-07
0 1.647738038e-07
0 3.408201419e-07
0 5.159006224e-07
0 1.952301372e-07
0 1.346054643e-07
0 2.037527547e-07
0 7.710531161e-08
0 1.467785240e-06
0 2.221791572e-06
0 8.407833883e-07
0.135 5.217259792e-06
0.135 7.897384113e-06
0.135 2.988574381e-06
0.135 6.181603638e-06
0.135 9.357114713e-06
0.135 3.540974191e-06
0.135 2.441398043e-06
0.135 3.695552625e-06
0.135 1.398492683e-06
0 1.064874456e-05
0 1.611904131e-05
0 6.099862083e-06
0.135 3.785108701e-05
0.135 5.729532074e-05
0.135 2.168203107e-05
0.27 4.484737707e-05
0.27 6.788562910e-05
0.27 2.568967763e-05
0.27 1.771228067e-05
0.27 2.681114024e-05
0.27 1.014602882e-05
0 3.862818538e-05
0 5.847161722e-05
0 2.212717208e-05
0.135 1.373043364e-04
0.135 2.078380469e-04
0.135 7.865129180e-05
0.27 1.626832896e-04
0.27 2.462542557e-04
0.27 9.318897869e-05
0.405 6.425107272e-05
0.405 9.725707002e-05
0.405 3.680459045e-05
0 7.006162544e-05
0 1.060525237e-04
0 4.013301757e-05
0.135 2.490348666e-04
0.135 3.769649351e-04
0.135 1.426532801e-04
0.27 2.950657814e-04
0.27 4.466420893e-04
0.27 1.690209172e-04
0.405 1.165349743e-04
0.405 1.763993919e-04
0.405 6.675409174e-05
0 5.082953094e-05
0 7.694083602e-05
0 2.911640210e-05
0.135 1.806741619e-04
0.135 2.734871010e-04
0.135 1.034945916e-04
0.27 2.140694734e-04
0.27 3.240376991e-04
0.27 1.226242452e-04
0.405 8.454582728e-05
0.405 1.279773099e-04
0.405 4.842992366e-05
1 2.667396348e-08
1 4.037647038e-08
1 1.527950056e-08
1 9.481291499e-08
1 1.435186359e-07
1 5.431116334e-08
1 1.123378715e-07
1 1.700462230e-07
1 6.434988831e-08
1 4.436736416e-08
1 6.715903191e-08
1 2.541471447e-08
1 4.837973155e-07
1 7.323256624e-07
1 2.771309692e-07
1.135 1.719663213e-06
1.135 2.603060127e-06
1.135 9.850652694e-07
1.135 2.037520997e-06
1.135 3.084202549e-06
1.135 1.167142005e-06
1.135 8.047102445e-07
1.135 1.218092668e-06
1.135 4.609577665e-07
1 3.509937211e-06
1 5.313004042e-06
1 2.010578128e-06
1.135 1.247611284e-05
1.135 1.888513497e-05
1.135 7.146623459e-06
1.27 1.478216298e-05
1.27 2.237581100e-05
1.27 8.467585540e-06
1.27 5.838152343e-06
1.27 8.837231305e-06
1.27 3.344236864e-06
1 1.273225257e-05
1 1.927285455e-05
1 7.293346575e-06
1.135 4.525694057e-05
1.135 6.850558678e-05
1.135 2.592428565e-05
1.27 5.362210809e-05
1.27 8.116796966e-05
1.27 3.071605879e-05
1.405 2.117782333e-05
1.405 3.205694410e-05
1.405 1.213117667e-05
1 2.309304208e-05
1 3.495601731e-05
1 1.322826094e-05
1.135 8.208448800e-05
1.135 1.242515721e-04
1.135 4.702000815e-05
1.27 9.725675736e-05
1.27 1.472178885e-04
1.27 5.571105619e-05
1.405 3.841114232e-05
1.405 5.814307839e-05
1.405 2.200284449e-05
1 1.675394325e-05
1 2.536050159e-05
1 9.597069647e-06
1.135 5.955208713e-05
1.135 9.014419935e-05
1.135 3.411289624e-05
1.27 7.055952993e-05
1.27 1.068062034e-04
1.27 4.041822948e-05
1.405 2.786718599e-05
1.405 4.218265539e-05
1.405 1.596300768e-05
0 2.172894899e-07
0.64 3.289118490e-07
0.64 1.244687496e-07
0 7.723580316e-07
0.64 1.169121012e-06
0.64 4.424256254e-07
0 9.151185505e-07
0.64 1.385218101e-06
0.64 5.242023523e-07
0 3.614221760e-07
0.64 5.470859924e-07
0.64 2.070314876e-07
0 3.941074297e-06
0.64 5.965617734e-06
0.64 2.257544027e-06
0.135 1.400859466e-05
0.775 2.120485797e-05
0.775 8.024466631e-06
0.135 1.659790448e-05
0.775 2.512430517e-05
0.775 9.507686812e-06
0.135 6.555271721e-06
0.775 9.922737377e-06
0.775 3.755020434e-06
0 2.859239372e-05
0.64 4.328040483e-05
0.64 1.637842446e-05
0.135 1.016319977e-04
0.775 1.538407049e-04
0.775 5.821730117e-05
0.27 1.204173746e-04
0.91 1.822761946e-04
0.91 6.897802584e-05
0.27 4.755832950e-05
0.91 7.198920713e-05
0.91 2.724257768e-05
0 1.037185444e-04
0.64 1.569991177e-04
0.64 5.941252629e-05
0.135 3.686687783e-04
0.775 5.580551992e-04
0.775 2.111825192e-04
0.27 4.368124939e-04
0.91 6.612045762e-04
0.91 2.502169109e-04
0.405 1.725172351e-04
1.045 2.611399327e-04
1.045 9.882210385e-05
0 1.881188499e-04
0.64 2.847561509e-04
0.64 1.077590915e-04
0.135 6.686706508e-04
0.775 1.012169067e-03
0.775 3.830309504e-04
0.27 7.922658815e-04
0.91 1.199255593e-03
0.91 4.538293301e-04
0.405 3.129020374e-04
1.045 4.736408914e-04
1.045 1.792379621e-04
0 1.364797468e-04
0.64 2.065898627e-04
0.64 7.817894664e-05
0.135 4.851188553e-04
0.775 7.343260818e-04
0.775 2.778879797e-04
0.27 5.747868806e-04
0.91 8.700568804e-04
0.91 3.292520240e-04
0.405 2.270096317e-04
1.045 3.436252613e-04
1.045 1.300366853e-04
1 7.162088092e-08
1.6400000000000001 1.084127741e-07
1.6400000000000001 4.102619736e-08
1 2.545772584e-07
1.6400000000000001 3.853544727e-07
1.6400000000000001 1.458280980e-07
1 3.016326136e-07
1.6400000000000001 4.565823258e-07
1.6400000000000001 1.727825597e-07
1 1.191285167e-07
1.6400000000000001 1.803252460e-07
1.6400000000000001 6.823973645e-08
1 1.299019171e-06
1.6400000000000001 1.966329792e-06
1.6400000000000001 7.441100441e-07
1.135 4.617378826e-06
1.7750000000000001 6.989342228e-06
1.7750000000000001 2.644947850e-06
1.135 5.470842336e-06
1.7750000000000001 8.281232883e-06
1.7750000000000001 3.133832683e-06
1.135 2.160685892e-06
1.7750000000000001 3.270637676e-06
1.7750000000000001 1.237693878e-06
1 9.424351021e-06
1.6400000000000001 1.426567259e-05
1.6400000000000001 5.398499432e-06
1.135 3.349896586e-05
1.7750000000000001 5.070749998e-05
1.7750000000000001 1.918902933e-05
1.27 3.969082191e-05
1.9100000000000001 6.008013380e-05
1.9100000000000001 2.273587635e-05
1.27 1.567572116e-05
1.9100000000000001 2.372839310e-05
1.9100000000000001 8.979437584e-06
1 3.418671340e-05
1.6400000000000001 5.174854579e-05
1.6400000000000001 1.958298799e-05
1.135 1.215170724e-04
1.7750000000000001 1.839408109e-04
1.7750000000000001 6.960795971e-05
1.27 1.439779514e-04
1.9100000000000001 2.179399208e-04
1.9100000000000001 8.247410214e-05
1.405 5.686347902e-05
2.045 8.607444399e-05
2.045 3.257279557e-05
1 6.200593390e-05
1.6400000000000001 9.385859566e-05
1.6400000000000001 3.551851986e-05
1.135 2.204008168e-04
1.7750000000000001 3.336214754e-04
1.7750000000000001 1.262509940e-04
1.27 2.611390932e-04
1.9100000000000001 3.952871446e-04
1.9100000000000001 1.495868780e-04
1.405 1.031357733e-04
2.045 1.561169751e-04
2.045 5.907870070e-05
1 4.498514723e-05
1.6400000000000001 6.809417227e-05
1.6400000000000001 2.576859576e-05
1.135 1.599002317e-04
1.7750000000000001 2.420415313e-04
1.7750000000000001 9.159477484e-05
1.27 1.894557475e-04
1.9100000000000001 2.867798174e-04
1.9100000000000001 1.085248993e-04
1.405 7.482474101e-05
2.045 1.132624681e-04
2.045 4.286144700e-05
0 1.944775935e-07
0.64 2.943814029e-07
1.28 1.114015358e-07
0 6.912728792e-07
0.64 1.046382138e-06
1.28 3.959780612e-07
0 8.190458431e-07
0.64 1.239792513e-06
1.28 4.691695490e-07
0 3.234786692e-07
0.64 4.896507755e-07
1.28 1.852965162e-07
0 3.527324977e-06
0.64 5.339323964e-06
1.28 2.020538267e-06
0.135 1.253791786e-05
0.775 1.897868944e-05
1.415 7.182026890e-06
0.135 1.485539186e-05
0.775 2.248665782e-05
1.415 8.509532843e-06
0.135 5.867073781e-06
0.775 8.881009785e-06
1.415 3.360803773e-06
0 2.559065293e-05
0.64 3.873665947e-05
1.28 1.465895371e-05
0.135 9.096227498e-05
0.775 1.376899089e-04
1.415 5.210542229e-05
0.27 1.077754899e-04
0.91 1.631401302e-04
1.55 6.173644420e-05
0.27 4.256547095e-05
0.91 6.443149995e-05
1.55 2.438254584e-05
0 9.282976786e-05
0.64 1.405167393e-04
1.28 5.317516802e-05
0.135 3.299644949e-04
0.775 4.994683922e-04
1.415 1.890117563e-04
0.27 3.909542181e-04
0.91 5.917887461e-04
1.55 2.239481657e-04
0.405 1.544057042e-04
1.045 2.337244462e-04
1.685 8.844737474e-05
0 1.683694008e-04
0.64 2.548613418e-04
1.28 9.644612266e-05
0.135 5.984710032e-04
0.775 9.059076184e-04
1.415 3.428188703e-04
0.27 7.090907255e-04
0.91 1.073353073e-03
1.55 4.061845606e-04
0.405 2.800523636e-04
1.045 4.239162271e-04
1.685 1.604208632e-04
0 1.221515718e-04
0.64 1.849012548e-04
1.28 6.997141652e-05
0.135 4.341891897e-04
0.775 6.572336715e-04
1.415 2.487142179e-04
0.27 5.144435166e-04
0.91 7.787149225e-04
1.55 2.946858649e-04
0.405 2.031772770e-04
